0.200318	10
0.20064	11
0.200643	12
0.200645	13
0.200648	14
0.20065	15
0.200652	16
0.200655	17
0.200657	18
0.20066	19
0.200662	20
0.200973	21
0.200975	22
0.200977	23
0.200978	24
0.200981	25
0.200982	26
0.200984	27
0.200985	28
0.200988	29
0.200989	30
0.200991	31
0.200993	32
0.200995	33
0.200996	34
0.200999	35
0.201	36
0.201002	37
0.201003	38
0.201006	39
0.201007	40
0.201318	41
0.20132	42
0.201321	43
0.201323	44
0.201324	45
0.201326	46
0.201328	47
0.201329	48
0.20133	49
0.201333	50
0.201334	51
0.201335	52
0.201338	53
0.201339	54
0.20134	55
0.201342	56
0.201344	57
0.201345	58
0.201347	59
0.201348	60
0.20135	61
0.201352	62
0.201353	63
0.201354	64
0.201357	65
0.201358	66
0.201359	67
0.201362	68
0.201363	69
0.201364	70
0.201366	71
0.201369	72
0.201371	73
0.201374	74
0.201376	75
0.201378	76
0.201381	77
0.201383	78
0.201386	79
0.201388	80
0.201687	81
0.201689	82
0.20169	83
0.201691	84
0.201693	85
0.201695	86
0.201696	87
0.201697	88
0.201699	89
0.201701	90
0.201702	91
0.201703	92
0.201705	93
0.201707	94
0.201708	95
0.201709	96
0.201711	97
0.201713	98
0.201714	99
0.201715	100
0.201717	101
0.201719	102
0.20172	103
0.201721	104
0.201723	105
0.201725	106
0.201726	107
0.201727	108
0.201729	109
0.201731	110
0.201732	111
0.201733	112
0.201735	113
0.201737	114
0.201738	115
0.201739	116
0.201741	117
0.201743	118
0.201744	119
0.201745	120
0.201747	122
0.201749	123
0.201751	124
0.201752	125
0.201755	126
0.201756	127
0.201758	128
0.201759	129
0.201762	130
0.201763	131
0.201765	132
0.201767	133
0.201769	134
0.20177	135
0.201773	136
0.201774	137
0.201776	138
0.201777	139
0.20178	140
0.201781	141
0.201783	142
0.201786	143
0.201788	144
0.201791	145
0.201793	146
0.201796	147
0.201798	148
0.2018	149
0.201803	150
0.201805	151
0.201808	152
0.20181	153
0.201812	154
0.201815	155
0.201817	89
0.202245	95
0.202532	89
0.202532	90
0.202534	89
0.202535	89
0.202536	89
0.202537	88
0.20254	88
0.202541	88
0.202542	87
0.202543	87
0.202544	87
0.202547	86
0.202548	86
0.202549	86
0.20255	85
0.202552	85
0.202554	85
0.202555	84
0.202556	84
0.202558	84
0.202559	83
0.202561	83
0.202562	83
0.202564	82
0.202565	82
0.202566	82
0.202568	81
0.20257	81
0.202571	81
0.202572	81
0.202573	80
0.202576	80
0.202577	80
0.202578	78
0.202579	77
0.20258	76
0.202583	75
0.202584	74
0.202585	73
0.202586	72
0.202588	71
0.20259	70
0.202591	69
0.202592	68
0.202594	67
0.202595	66
0.202597	65
0.202598	64
0.2026	63
0.202601	62
0.202603	61
0.202604	60
0.202607	60
0.202608	59
0.20296	60
0.20296	59
0.20296	59
0.202961	59
0.202963	59
0.202964	58
0.202966	58
0.202967	58
0.202969	57
0.202971	57
0.202972	57
0.202973	56
0.202976	56
0.202977	56
0.202978	55
0.202979	55
0.202982	55
0.202983	54
0.202984	54
0.202987	54
0.202988	53
0.202989	53
0.20299	53
0.202993	52
0.203	52
0.203002	52
0.203004	51
0.203006	51
0.203007	51
0.20301	50
0.203011	50
0.203013	50
0.203014	49
0.203017	49
0.203018	49
0.20302	48
0.203022	48
0.203024	48
0.203025	47
0.203028	47
0.203029	47
0.203031	46
0.203034	46
0.203036	45
0.203038	45
0.203041	45
0.203043	44
0.203046	44
0.203048	44
0.20305	43
0.203053	43
0.203055	43
0.203058	42
0.20306	41
0.203062	40
0.203065	39
0.203067	38
0.20307	38
0.203352	38
0.203423	39
0.203791	40
0.20416	41
0.20453	42
0.204901	43
0.205274	44
0.205648	45
0.206023	46
0.206399	47
0.206777	49
0.207155	50
0.207535	51
0.207916	52
0.208298	53
0.208682	54
0.209066	55
0.209452	56
0.209839	57
0.210228	58
0.210617	59
0.211008	60
0.211399	61
0.211793	62
0.212187	63
0.212582	64
0.212979	65
0.213377	66
0.213776	67
0.214176	68
0.214578	69
0.21498	70
0.215384	71
0.215787	70
0.215787	71
0.215788	71
0.215789	71
0.215792	71
0.215795	71
0.215802	71
0.215805	71
0.215807	71
0.21581	71
0.216085	71
0.216086	71
0.216087	71
0.21609	71
0.216091	71
0.216093	71
0.216094	71
0.216097	71
0.216098	71
0.216101	71
0.216102	71
0.216104	71
0.216105	71
0.216107	71
0.216109	71
0.216117	71
0.216119	71
0.216121	71
0.216123	71
0.216126	69
0.216127	68
0.216129	68
0.216132	67
0.216192	68
0.216192	69
0.216212	68
0.216212	69
0.216215	69
0.21649	69
0.216491	69
0.216492	69
0.216495	69
0.216496	69
0.216498	69
0.2165	69
0.216502	69
0.216503	69
0.216506	69
0.216507	69
0.216509	69
0.21651	69
0.216512	69
0.216514	69
0.216522	69
0.216524	69
0.216526	69
0.216528	69
0.216533	69
0.216536	69
0.216537	69
0.216539	69
0.216542	69
0.216545	69
0.216548	69
0.216551	69
0.216554	67
0.216557	66
0.216558	66
0.216615	66
0.216994	67
0.217395	68
0.217798	69
0.218202	70
0.218607	71
0.218923	71
0.218923	72
0.218925	72
0.218926	72
0.218928	72
0.21893	72
0.218938	72
0.21894	72
0.218942	72
0.218944	72
0.218949	72
0.218952	72
0.218953	72
0.218955	72
0.218958	72
0.218961	72
0.218964	72
0.218967	72
0.218972	72
0.218973	72
0.218974	72
0.218976	72
0.218977	72
0.218978	72
0.218979	72
0.21898	72
0.218982	72
0.218983	72
0.218984	72
0.218985	70
0.218987	70
0.218988	69
0.219329	70
0.219331	69
0.219331	70
0.219333	70
0.219334	70
0.219336	70
0.219345	70
0.219346	70
0.219348	70
0.219351	70
0.219356	70
0.219358	70
0.219359	70
0.219362	70
0.219364	70
0.219368	70
0.21937	70
0.219374	70
0.219378	70
0.21938	70
0.219381	70
0.219382	70
0.219383	70
0.219384	70
0.219386	70
0.219387	70
0.219388	70
0.219389	70
0.21939	70
0.219392	70
0.219393	68
0.219394	68
0.219395	67
0.219735	68
0.219818	69
0.220221	70
0.220625	71
0.22103	72
0.221342	71
0.221345	70
0.221346	70
0.221749	70
0.221758	70
0.221758	71
0.221767	71
0.22177	71
0.221773	71
0.221778	71
0.221781	71
0.221784	71
0.221786	71
0.221792	71
0.221796	71
0.2218	71
0.221803	71
0.221804	71
0.221805	71
0.221808	71
0.221809	71
0.22181	71
0.221812	71
0.221814	71
0.221816	71
0.221817	71
0.221818	69
0.22182	69
0.221821	68
0.222163	69
0.222178	68
0.222183	68
0.222185	67
0.22258	68
0.222645	69
0.223048	70
0.223452	71
0.223857	72
0.224228	71
0.22423	71
0.224231	70
0.224635	71
0.224668	72
0.224671	71
0.224672	71
0.224674	70
0.225077	71
0.225422	70
0.225426	70
0.225428	69
0.225827	70
0.225884	71
0.226289	72
0.226634	71
0.226636	71
0.226641	70
0.22704	71
0.227054	70
0.227056	70
0.227057	69
0.227459	70
0.227504	71
0.227909	72
0.227914	71
0.227917	71
0.227925	70
0.22832	71
0.228631	70
0.228633	70
0.228635	69
0.229036	70
0.229124	71
0.229529	72
0.229901	71
0.230307	71
0.230341	71
0.230342	70
0.230343	70
0.230747	70
0.230747	71
0.231045	71
0.231046	71
0.231049	70
0.231451	71
0.231468	70
0.23147	70
0.231479	69
0.231873	70
0.231962	71
0.232367	72
0.232693	71
0.232695	71
0.232698	70
0.233099	71
0.233154	70
0.23356	70
0.233584	71
0.233893	71
0.233895	70
0.233897	70
0.234299	70
0.234299	70
0.234302	69
0.234304	69
0.234704	69
0.234799	70
0.235204	71
0.235209	71
0.235218	71
0.235221	70
0.235615	71
0.235977	70
0.235978	70
0.235979	69
0.236382	70
0.236419	71
0.236815	70
0.236816	70
0.236817	69
0.23722	70
0.237228	71
0.237633	72
0.237955	71
0.238362	71
0.238384	71
0.238389	70
0.23839	70
0.238791	70
0.23882	70
0.238821	70
0.238822	69
0.239225	70
0.239255	71
0.23966	72
0.240028	71
0.240029	71
0.24003	70
0.240434	71
0.240463	70
0.240464	70
0.240465	69
0.240868	70
0.240875	71
0.24128	72
0.241285	71
0.241691	71
0.241702	71
0.241704	70
0.241707	70
0.242108	70
0.242398	70
0.242399	69
0.242403	69
0.242803	69
0.242901	70
0.243302	70
0.243303	69
0.243304	69
0.243707	69
0.24371	71
0.244116	72
0.244117	71
0.244118	71
0.24412	70
0.244523	71
0.244826	70
0.24483	70
0.244839	69
0.245231	70
0.245331	71
0.245736	72
0.245739	71
0.24575	71
0.245754	70
0.246146	71
0.246523	70
0.246524	70
0.246526	69
0.246928	70
0.246951	71
0.247356	72
0.24736	71
0.247766	71
0.247766	71
0.247779	70
0.248054	70
0.248172	70
0.248463	70
0.248464	70
0.248467	69
0.248868	70
0.248978	71
0.249378	70
0.249379	70
0.24938	69
0.249783	70
0.249787	71
0.250192	72
0.250528	71
0.250533	71
0.250534	70
0.250934	71
0.250985	70
0.25139	70
0.251408	71
0.251771	71
0.251772	70
0.251773	70
0.252177	70
0.252199	70
0.2522	70
0.252201	69
0.252604	70
0.252623	71
0.253028	72
0.25332	71
0.253323	71
0.253325	70
0.253727	71
0.253766	70
0.25377	70
0.253775	69
0.254171	70
0.254244	71
0.254649	72
0.255	71
0.255406	71
0.255435	71
0.255436	71
0.255437	70
0.255841	71
0.255866	72
0.256211	71
0.256212	71
0.256214	70
0.256618	71
0.256666	70
0.256667	70
0.256668	69
0.257071	70
0.257081	71
0.257487	72
0.257844	71
0.257845	71
0.257846	70
0.25825	71
0.258283	70
0.258689	70
0.258695	70
0.258696	69
0.258697	69
0.2591	69
0.259107	70
0.259512	71
0.259889	71
0.259891	71
0.259892	70
0.260296	71
0.26032	70
0.260321	70
0.260322	69
0.260725	70
0.260727	71
0.261132	72
0.261489	71
0.26149	71
0.261492	70
0.261896	71
0.26194	70
0.262345	70
0.262349	71
0.26271	71
0.262712	70
0.262713	70
0.263117	70
0.263143	70
0.263144	70
0.263146	69
0.263548	70
0.263564	71
0.263964	70
0.263965	70
0.263967	69
0.264369	70
0.264373	71
0.264778	72
0.264782	71
0.265069	71
0.26507	70
0.265188	71
0.265188	70
0.265593	70
0.265911	70
0.265914	69
0.26592	69
0.266316	69
0.266386	69
0.266387	68
0.266389	68
0.26679	68
0.266801	69
0.267205	70
0.26761	71
0.267949	71
0.26795	71
0.267951	70
0.268355	71
0.268403	70
0.268404	70
0.268406	69
0.268808	70
0.268825	71
0.26923	72
0.269234	71
0.26964	71
0.269946	71
0.269948	70
0.269951	70
0.270353	70
0.270404	70
0.270406	70
0.270407	69
0.27081	70
0.270852	71
0.271255	70
0.271257	70
0.271258	69
0.271661	70
0.271661	71
0.272066	72
0.272407	71
0.272813	71
0.272846	71
0.272847	71
0.272848	70
0.273252	71
0.273276	70
0.273277	70
0.273278	69
0.273681	70
0.273687	71
0.27409	70
0.274091	70
0.274092	69
0.274495	70
0.274496	71
0.274883	70
0.275288	70
0.275293	70
0.275294	69
0.275295	69
0.275698	69
0.27571	70
0.276115	71
0.276497	71
0.276499	71
0.2765	70
0.276904	71
0.276925	70
0.276927	70
0.276928	69
0.27733	70
0.27733	71
0.277735	72
0.277739	71
0.278026	71
0.27803	70
0.278145	71
0.278451	70
0.278856	70
0.278927	70
0.278928	69
0.278929	69
0.279332	69
0.279356	70
0.279761	71
0.279764	71
0.280054	70
0.280055	70
0.280171	70
0.280546	70
0.280547	70
0.280548	69
0.280951	70
0.280976	71
0.281381	72
0.281385	71
0.281674	71
0.281677	70
0.281791	71
0.282137	70
0.282542	70
0.282567	70
0.282569	69
0.28257	69
0.282973	69
0.283001	70
0.283406	71
0.283766	71
0.283767	71
0.283768	70
0.284172	71
0.284218	72
0.284594	71
0.284595	71
0.284596	70
0.285	71
0.285029	72
0.285033	71
0.285324	71
0.285336	70
0.285439	71
0.285439	70
0.285844	70
0.286181	70
0.286182	69
0.286183	69
0.286586	69
0.286633	69
0.286634	68
0.286635	68
0.287037	68
0.287052	69
0.287456	70
0.287861	71
0.287865	71
0.288166	71
0.28817	70
0.288271	71
0.288582	70
0.28859	70
0.288597	69
0.288987	70
0.289068	69
0.289472	69
0.28948	70
0.289871	70
0.289872	69
0.289873	69
0.290276	69
0.290289	70
0.290675	70
0.290676	70
0.290677	69
0.29108	70
0.291098	71
0.291488	70
0.291489	70
0.29149	69
0.291893	70
0.291907	71
0.292312	72
0.292316	71
0.292722	71
0.293065	71
0.293066	70
0.293067	70
0.293471	70
0.293511	70
0.293512	70
0.293513	69
0.293916	70
0.293934	71
0.294339	72
0.294342	71
0.294646	71
0.294652	70
0.294749	71
0.295119	70
0.29512	70
0.295121	69
0.295524	70
0.295554	71
0.29594	70
0.296345	70
0.296364	71
0.296691	71
0.296692	70
0.296693	70
0.297097	70
0.297117	70
0.297118	70
0.297119	69
0.297522	70
0.297579	71
0.297984	72
0.298319	71
0.29832	71
0.298321	70
0.298725	71
0.298756	70
0.299201	71
0.29953	70
0.299531	70
0.299935	70
0.299957	70
0.299958	70
0.299959	69
0.300362	70
0.300416	71
0.300811	70
0.300813	70
0.300814	69
0.301217	70
0.301225	71
0.30163	72
0.301958	71
0.301959	71
0.301961	70
0.302364	71
0.302391	70
0.302796	70
0.302796	70
0.302797	69
0.302798	69
0.303201	69
0.30325	70
0.303639	70
0.30364	70
0.303641	69
0.304044	70
0.304059	71
0.304464	72
0.304468	71
0.304777	71
0.304778	70
0.304874	71
0.3052	70
0.305605	70
0.305651	70
0.305652	70
0.305653	69
0.306056	70
0.306085	71
0.306476	70
0.306478	70
0.306479	69
0.306882	70
0.306894	71
0.307299	72
0.307651	71
0.308057	71
0.308064	71
0.308066	70
0.308067	70
0.308471	70
0.308516	71
0.308517	71
0.30852	71
0.308829	70
0.308924	71
0.30927	70
0.309271	70
0.309272	69
0.309675	70
0.309707	69
0.310111	69
0.310135	70
0.31054	70
0.310542	69
0.310852	69
0.310946	69
0.310946	70
0.311349	71
0.311711	71
0.311712	71
0.311714	70
0.312117	71
0.312137	70
0.312138	70
0.312139	69
0.312542	70
0.312565	71
0.31297	72
0.313342	71
0.313749	71
0.313758	71
0.313759	71
0.313761	70
0.314164	71
0.314187	72
0.314519	71
0.31452	71
0.314521	70
0.314925	71
0.314954	70
0.315359	70
0.31537	70
0.315371	69
0.315372	69
0.315775	69
0.315808	70
0.316198	70
0.316199	70
0.316201	69
0.316603	70
0.316617	71
0.317022	72
0.317388	71
0.317389	71
0.317391	70
0.317795	71
0.317833	72
0.318188	71
0.318189	71
0.31819	70
0.318594	71
0.31863	70
0.319035	70
0.319049	71
0.319382	71
0.319384	70
0.319385	70
0.319789	70
0.319837	70
0.319838	70
0.319839	69
0.320242	70
0.320265	71
0.320634	70
0.320635	70
0.320636	69
0.321039	70
0.321074	71
0.321479	72
0.321815	71
0.321816	71
0.321818	70
0.322221	71
0.322259	70
0.322664	70
0.322669	70
0.32267	69
0.322671	69
0.323074	69
0.323099	70
0.323504	71
0.323835	71
0.323836	71
0.323837	70
0.324241	71
0.324281	70
0.324282	70
0.324283	69
0.324686	70
0.324719	71
0.325098	70
0.325099	70
0.3251	69
0.325503	70
0.325528	71
0.325925	70
0.32633	70
0.326337	70
0.326338	69
0.32634	69
0.326742	69
0.326742	70
0.327141	70
0.327142	70
0.327144	69
0.327546	70
0.327551	71
0.327937	70
0.327938	70
0.327939	69
0.328342	70
0.32836	71
0.328757	70
0.329162	70
0.32917	71
0.329519	71
0.32952	70
0.329521	70
0.329925	70
0.329948	70
0.329949	70
0.32995	69
0.330353	70
0.330385	71
0.330774	70
0.330775	70
0.330776	69
0.331179	70
0.331194	71
0.331599	72
0.331947	71
0.332353	71
0.332368	71
0.332369	70
0.33237	70
0.332774	70
0.332785	70
0.332786	70
0.332787	69
0.33319	70
0.333221	71
0.333613	70
0.333614	70
0.333615	69
0.334018	70
0.33403	71
0.334435	72
0.334436	71
0.334842	71
0.335179	71
0.33518	70
0.335181	70
0.335585	70
0.335624	70
0.335625	70
0.335626	69
0.336029	70
0.336056	71
0.336462	72
0.336804	71
0.336805	71
0.336807	70
0.33721	71
0.337234	70
0.33764	70
0.337678	70
0.337679	69
0.337989	69
0.338083	69
0.338083	70
0.338487	71
0.338816	71
0.338817	70
0.338819	70
0.339223	70
0.339235	70
0.339236	70
0.339237	69
0.33964	70
0.339702	71
0.340081	70
0.340082	70
0.340083	69
0.340486	70
0.340511	71
0.340915	70
0.34132	70
0.341321	71
0.341654	71
0.341655	70
0.341657	70
0.34206	70
0.342081	70
0.342082	70
0.342083	69
0.342486	70
0.342536	71
0.342934	70
0.342936	70
0.342937	69
0.343339	70
0.343345	71
0.343731	70
0.344136	70
0.344156	71
0.344537	71
0.344538	71
0.344539	70
0.344943	71
0.344943	70
0.344944	70
0.344945	69
0.345348	70
0.345371	71
0.345776	72
0.346087	71
0.346493	71
0.346532	71
0.346533	70
0.346534	70
0.346938	70
0.346949	70
0.34695	70
0.346951	69
0.347354	70
0.347397	71
0.347802	72
0.348127	71
0.348128	71
0.348129	70
0.348533	71
0.348566	70
0.348971	70
0.348985	70
0.348986	70
0.348988	69
0.34939	70
0.349423	71
0.349828	72
0.350156	71
0.350157	71
0.350158	70
0.350562	71
0.35059	70
0.350995	70
0.351021	70
0.351023	69
0.351024	69
0.351426	69
0.351448	70
0.351832	70
0.351833	70
0.351834	69
0.352237	70
0.352257	71
0.352657	70
0.352659	70
0.35266	69
0.353062	70
0.353066	71
0.353471	72
0.353812	71
0.354219	71
0.35423	71
0.354231	71
0.354232	70
0.354636	71
0.354656	70
0.354657	70
0.354659	69
0.355061	70
0.355093	71
0.355476	70
0.355881	70
0.355898	70
0.355899	69
0.3559	69
0.356303	69
0.356307	70
0.356684	70
0.356685	70
0.356686	69
0.357089	70
0.357116	71
0.357521	72
0.357845	71
0.357846	71
0.357848	70
0.358251	71
0.358287	70
0.358693	70
0.358737	71
0.358738	71
0.359048	71
0.359062	70
0.359145	71
0.359488	70
0.359489	70
0.359491	69
0.359893	70
0.359937	69
0.360341	69
0.360347	69
0.360348	69
0.360349	68
0.36075	69
0.360759	70
0.361163	71
0.361568	72
0.361909	71
0.36191	71
0.361912	70
0.362315	71
0.362348	70
0.362753	70
0.362784	71
0.363121	71
0.363122	71
0.363123	70
0.363527	71
0.363573	70
0.363574	70
0.363575	69
0.363978	70
0.363999	71
0.364358	70
0.364359	70
0.36436	69
0.364763	70
0.364808	71
0.365213	72
0.365578	71
0.365984	71
0.365997	71
0.365998	71
0.366	70
0.366403	71
0.366419	70
0.36642	70
0.366421	69
0.366824	70
0.366835	71
0.367234	70
0.367639	70
0.367645	71
0.367982	71
0.367983	70
0.367984	70
0.368388	70
0.368399	70
0.3684	70
0.368401	69
0.368804	70
0.36886	71
0.36924	70
0.369241	70
0.369243	69
0.369645	70
0.369669	71
0.370074	72
0.370443	71
0.37085	71
0.370852	71
0.370853	71
0.370854	70
0.371258	71
0.371276	70
0.371278	70
0.371279	69
0.371681	70
0.371696	71
0.372085	70
0.37249	70
0.372504	70
0.372505	69
0.372506	69
0.372909	69
0.37291	70
0.373315	71
0.373316	71
0.373638	71
0.373639	70
0.373722	71
0.374055	70
0.374057	70
0.374058	69
0.37446	70
0.37453	71
0.37489	70
0.375295	70
0.375321	70
0.375322	70
0.375323	69
0.375726	70
0.375744	69
0.375745	69
0.376067	68
0.376148	69
0.376148	70
0.376551	71
0.37692	70
0.377325	70
0.377361	71
0.377694	71
0.377695	71
0.377696	70
0.3781	71
0.378133	70
0.378134	70
0.378135	69
0.378538	70
0.378576	71
0.378947	70
0.379353	70
0.37936	70
0.379361	70
0.379362	69
0.379765	70
0.37979	71
0.380195	72
0.380534	71
0.38094	71
0.380955	71
0.380956	70
0.380957	70
0.381361	70
0.381373	70
0.381374	70
0.381376	69
0.381778	70
0.381817	71
0.382212	70
0.382617	70
0.382627	71
0.382972	71
0.382973	70
0.382974	70
0.383378	70
0.383383	70
0.383384	70
0.383385	69
0.383788	70
0.383842	71
0.384247	72
0.384596	71
0.384597	71
0.384598	70
0.385002	71
0.385025	70
0.38543	70
0.385461	70
0.385462	70
0.385464	69
0.385866	70
0.385867	71
0.386272	72
0.386609	71
0.38661	71
0.386611	70
0.387015	71
0.387049	70
0.387454	70
0.38747	70
0.387471	70
0.387472	69
0.387875	70
0.387893	71
0.388276	70
0.388681	70
0.388697	70
0.388698	69
0.388699	69
0.389102	69
0.389107	71
0.3895	70
0.389501	70
0.389502	69
0.389905	70
0.389916	71
0.390317	70
0.390722	70
0.390726	71
0.391076	71
0.391077	71
0.391078	70
0.391482	71
0.391495	70
0.391496	70
0.391498	69
0.3919	70
0.391941	69
0.392345	69
0.392345	70
0.39275	71
0.393094	71
0.393095	71
0.393096	70
0.3935	71
0.393527	70
0.393528	70
0.393529	69
0.393932	70
0.393965	71
0.394347	70
0.394753	70
0.39476	70
0.394761	70
0.394762	69
0.395165	70
0.395179	71
0.395584	70
0.395586	70
0.395908	69
0.395989	70
0.395989	71
0.396393	72
0.396394	71
0.396801	71
0.397137	71
0.397139	71
0.39714	70
0.397544	71
0.397551	70
0.397552	70
0.397553	69
0.397956	70
0.398015	71
0.39842	72
0.398421	71
0.398827	71
0.399168	71
0.399169	70
0.39917	70
0.399574	70
0.39961	70
0.399611	70
0.399612	69
0.400015	70
0.400041	71
0.400415	70
0.400416	70
0.400418	69
0.40082	70
0.40085	71
0.401255	72
0.401614	71
0.40202	71
0.402033	71
0.402034	71
0.402035	70
0.402439	71
0.402467	70
0.402468	70
0.402469	69
0.402872	70
0.402877	71
0.403264	70
0.403669	70
0.403679	70
0.40368	69
0.403681	69
0.404084	69
0.404091	70
0.404465	70
0.404466	70
0.404467	69
0.40487	70
0.4049	71
0.405305	72
0.405628	71
0.405629	71
0.405631	70
0.406035	71
0.406053	70
0.406458	70
0.406484	70
0.406485	69
0.406486	69
0.406889	69
0.406924	69
0.406925	69
0.406926	68
0.407328	69
0.407328	70
0.407732	71
0.408137	72
0.408465	71
0.408466	71
0.408467	70
0.408871	71
0.408894	70
0.409299	70
0.409317	70
0.409318	70
0.40932	69
0.409722	70
0.409757	71
0.410162	72
0.410512	71
0.410513	71
0.410514	70
0.410918	71
0.410918	70
0.411323	70
0.411325	70
0.411326	69
0.411327	69
0.41173	69
0.411782	70
0.412188	71
0.412539	71
0.41254	71
0.412541	70
0.412945	71
0.412975	70
0.41338	70
0.413404	71
0.413767	71
0.413768	71
0.413769	70
0.414173	71
0.414202	70
0.414203	70
0.414205	69
0.414607	70
0.414619	71
0.415019	70
0.415021	70
0.415022	69
0.415425	70
0.415428	71
0.415833	72
0.416159	71
0.416565	71
0.416568	71
0.416569	71
0.41657	70
0.416974	71
0.417006	70
0.417008	70
0.417009	69
0.417411	70
0.417438	69
0.417842	69
0.417842	69
0.417843	68
0.417844	68
0.418246	68
0.418261	69
0.418665	70
0.41907	71
0.419071	71
0.419394	71
0.419395	70
0.419478	71
0.419835	70
0.419836	70
0.419837	69
0.42024	70
0.42024	69
0.420644	69
0.420689	70
0.421094	71
0.421457	71
0.421459	71
0.42146	70
0.421864	71
0.421906	72
0.421907	71
0.422229	71
0.42223	70
0.422313	71
0.422674	70
0.423079	70
0.423115	70
0.423116	70
0.423117	69
0.42352	70
0.423526	71
0.423931	72
0.424288	71
0.424289	71
0.424291	70
0.424694	71
0.424706	70
0.425111	70
0.425137	70
0.425138	70
0.425139	69
0.425542	70
0.425551	71
0.425949	70
0.42595	70
0.425952	69
0.426354	70
0.42636	71
0.426762	70
0.427167	70
0.427169	70
0.427171	69
0.427172	69
0.427574	69
0.427574	70
0.427979	71
0.428324	71
0.428326	71
0.428327	70
0.428731	71
0.428766	70
0.428767	70
0.428768	69
0.429171	70
0.429195	71
0.429576	70
0.429981	70
0.429999	70
0.43	70
0.430001	69
0.430404	70
0.430409	71
0.430809	70
0.43081	70
0.430811	69
0.431214	70
0.431218	71
0.431585	70
0.431991	70
0.432016	70
0.432017	70
0.432018	69
0.432421	70
0.432432	71
0.432837	72
0.433181	71
0.433182	71
0.433183	70
0.433587	71
0.433596	70
0.434001	70
0.434024	70
0.434026	69
0.434027	69
0.434429	69
0.434457	71
0.434862	72
0.435225	71
0.435226	71
0.435228	70
0.435631	71
0.435673	72
0.436003	71
0.436409	71
0.436419	71
0.43642	70
0.436421	70
0.436825	70
0.436849	70
0.43685	70
0.436851	69
0.437254	70
0.437295	71
0.437678	70
0.43768	70
0.437681	69
0.438083	70
0.438104	71
0.438105	70
0.43851	70
0.438847	70
0.438848	70
0.438849	69
0.439252	70
0.439287	69
0.439288	69
0.439289	68
0.439691	69
0.439721	70
0.440124	71
0.44053	72
0.440888	71
0.441294	71
0.441313	71
0.441314	71
0.441316	70
0.44172	71
0.441747	72
0.442105	71
0.442107	71
0.442108	70
0.442512	71
0.442531	70
0.442936	70
0.442937	70
0.442938	69
0.44294	69
0.443342	69
0.443367	70
0.443773	71
0.444125	71
0.444126	71
0.444127	70
0.444531	71
0.444566	70
0.444567	70
0.444568	69
0.444971	70
0.444988	71
0.445377	70
0.445782	70
0.445798	71
0.446165	71
0.446166	71
0.446167	70
0.446571	71
0.446607	70
0.446608	70
0.446609	69
0.447012	70
0.447013	71
0.447397	70
0.447802	70
0.447802	70
0.447803	70
0.447804	69
0.448207	70
0.448227	71
0.448607	70
0.448608	70
0.448609	69
0.449012	70
0.449036	71
0.449426	70
0.449831	70
0.449846	71
0.450179	71
0.45018	70
0.450182	70
0.450585	70
0.450619	70
0.45062	70
0.450622	69
0.451024	70
0.451061	71
0.451453	70
0.451858	70
0.451867	70
0.451868	69
0.451869	69
0.452272	69
0.452275	70
0.452647	70
0.452648	70
0.452649	69
0.453052	70
0.453084	71
0.453489	70
0.453491	70
0.453813	69
0.453895	70
0.453895	71
0.454277	70
0.454682	70
0.454682	70
0.454683	70
0.454684	69
0.455087	70
0.455107	71
0.455505	70
0.455506	70
0.455508	69
0.45591	70
0.455916	71
0.456281	70
0.456686	70
0.456717	70
0.456718	69
0.456719	69
0.457122	69
0.45713	70
0.457535	71
0.457898	71
0.4579	71
0.457901	70
0.458305	71
0.458331	70
0.458332	70
0.458334	69
0.458736	70
0.458751	71
0.459156	72
0.459501	71
0.459907	71
0.459911	71
0.459912	71
0.459913	70
0.460317	71
0.460351	70
0.460352	70
0.460353	69
0.460756	70
0.460777	71
0.461182	72
0.46151	71
0.461512	71
0.461513	70
0.461917	71
0.461959	70
0.462364	70
0.462389	70
0.46239	70
0.462392	69
0.462794	70
0.462803	71
0.463175	70
0.463176	70
0.463178	69
0.46358	70
0.463612	71
0.464017	72
0.464363	71
0.464769	71
0.464798	71
0.464799	70
0.4648	70
0.465204	70
0.465234	71
0.465566	71
0.465567	71
0.465568	70
0.465972	71
0.466007	70
0.466008	70
0.46601	69
0.466412	70
0.466449	71
0.466853	70
0.467258	70
0.46726	71
0.467594	71
0.467595	70
0.467596	70
0.468	70
0.468019	70
0.46802	70
0.468022	69
0.468424	70
0.468475	71
0.468868	70
0.468869	70
0.46887	69
0.469273	70
0.469284	71
0.469689	72
0.470058	71
0.470464	71
0.470474	71
0.470475	70
0.470476	70
0.47088	70
0.470906	71
0.471245	71
0.471247	71
0.471248	70
0.471652	71
0.471676	70
0.471677	70
0.471678	69
0.472081	70
0.472117	69
0.472521	69
0.472526	70
0.472931	70
0.472932	69
0.473254	69
0.473336	69
0.473336	70
0.47374	71
0.474079	71
0.47408	71
0.474081	70
0.474485	71
0.474516	70
0.474517	70
0.474518	69
0.474921	70
0.474954	69
0.475357	69
0.475359	70
0.475755	70
0.475757	70
0.475758	69
0.47616	70
0.476168	71
0.476573	72
0.476915	71
0.476916	71
0.476918	70
0.477322	71
0.477365	70
0.47777	70
0.477789	71
0.478121	71
0.478122	70
0.478123	70
0.478527	70
0.478554	70
0.478555	70
0.478556	69
0.478959	70
0.479004	71
0.479402	70
0.479403	70
0.479405	69
0.479807	70
0.479813	71
0.480187	70
0.480592	70
0.480609	70
0.48061	69
0.480611	69
0.481014	69
0.481027	70
0.481411	70
0.481412	70
0.481413	69
0.481816	70
0.481836	71
0.482239	70
0.48224	70
0.482241	69
0.482644	70
0.482645	71
0.48305	72
0.483374	71
0.48378	71
0.483817	71
0.483818	71
0.48382	70
0.484223	71
0.484243	70
0.484244	70
0.484245	69
0.484648	70
0.484672	71
0.485077	72
0.485424	71
0.485831	71
0.485847	71
0.485849	70
0.48585	70
0.486254	70
0.486254	70
0.486255	70
0.486256	69
0.486659	70
0.486698	71
0.487103	72
0.487427	71
0.487428	71
0.487429	70
0.487833	71
0.487838	70
0.488243	70
0.488285	70
0.488286	69
0.488287	69
0.48869	69
0.488724	70
0.489116	70
0.489117	70
0.489118	69
0.489521	70
0.489533	71
0.489917	70
0.489919	70
0.48992	69
0.490322	70
0.490342	71
0.490732	70
0.491137	70
0.491152	71
0.491487	71
0.491488	71
0.49149	70
0.491893	71
0.491909	70
0.49191	70
0.491911	69
0.492314	70
0.492367	71
0.492772	72
0.493143	71
0.49355	71
0.493555	71
0.493556	71
0.493557	70
0.493961	71
0.49399	72
0.494327	71
0.494329	71
0.49433	70
0.494734	71
0.49477	70
0.494771	70
0.494772	69
0.495175	70
0.495205	71
0.49561	72
0.495957	71
0.496364	71
0.496383	71
0.496384	71
0.496385	70
0.496789	71
0.496828	72
0.497152	71
0.497153	71
0.497155	70
0.497558	71
0.497558	70
0.49756	70
0.497561	69
0.497963	70
0.498022	69
0.498426	69
0.498447	70
0.498851	70
0.498852	69
0.498853	69
0.499256	69
0.499256	70
0.499661	71
0.499998	71
0.5	71
0.500001	70
0.500405	71
0.500434	70
0.500435	70
0.500436	69
0.500839	70
0.500876	71
0.501279	70
0.501684	70
0.501686	71
0.502014	71
0.502015	71
0.502017	70
0.502421	71
0.502473	70
0.502475	70
0.502476	69
0.502878	70
0.502901	71
0.503297	70
0.503702	70
0.503711	70
0.503713	69
0.504035	69
0.504117	69
0.504117	70
0.5045	70
0.504501	70
0.504502	69
0.504905	70
0.504924	71
0.505288	70
0.50529	70
0.505291	69
0.505694	70
0.505721	69
0.505722	69
0.505724	68
0.506125	69
0.506136	70
0.50654	71
0.506905	70
0.50731	70
0.507333	70
0.507334	70
0.507335	69
0.507738	70
0.507754	71
0.508159	72
0.508486	71
0.508487	71
0.508488	70
0.508892	71
0.508944	70
0.509349	70
0.509373	70
0.509374	70
0.509375	69
0.509778	70
0.509779	71
0.510184	72
0.510529	71
0.51053	71
0.510532	70
0.510935	71
0.510978	70
0.511383	70
0.511401	71
0.511736	71
0.511737	70
0.511738	70
0.512142	70
0.51217	70
0.512171	70
0.512172	69
0.512575	70
0.512616	71
0.513021	72
0.513376	71
0.513377	71
0.513378	70
0.513782	71
0.513803	70
0.514209	70
0.514237	71
0.514239	71
0.514561	70
0.514562	70
0.514645	70
0.514998	70
0.514999	70
0.515001	69
0.515403	70
0.515453	71
0.515824	70
0.515825	70
0.515826	69
0.516229	70
0.516262	71
0.516667	70
0.517072	70
0.517072	71
0.517423	71
0.517424	70
0.517425	70
0.517829	70
0.51784	70
0.517841	70
0.517842	69
0.518245	70
0.518286	69
0.518287	69
0.518288	68
0.51869	69
0.51869	70
0.519093	71
0.519488	70
0.519489	70
0.51949	69
0.519893	70
0.519893	69
0.520297	69
0.520306	70
0.520699	70
0.520701	70
0.520702	69
0.521104	70
0.521115	71
0.521497	70
0.521499	70
0.5215	69
0.521903	70
0.521924	71
0.522323	70
0.522728	70
0.522734	71
0.52306	71
0.523061	71
0.523062	70
0.523466	71
0.523499	70
0.5235	70
0.523501	69
0.523904	70
0.52395	71
0.524334	70
0.524739	70
0.52476	71
0.525125	71
0.525126	70
0.525127	70
0.525531	70
0.525571	71
0.525894	71
0.525896	71
0.525897	70
0.526301	71
0.526329	70
0.526331	70
0.526332	69
0.526735	70
0.526786	71
0.527191	72
0.527542	71
0.527949	71
0.52798	71
0.527981	71
0.527982	70
0.528386	71
0.528409	72
0.528762	71
0.528764	71
0.528765	70
0.529169	71
0.529215	70
0.529217	70
0.529218	69
0.529621	70
0.529624	71
0.529985	70
0.53039	70
0.530409	70
0.53041	70
0.530411	69
0.530814	70
0.530838	71
0.531241	70
0.531242	70
0.531243	69
0.531646	70
0.531647	71
0.532045	70
0.532046	70
0.532047	69
0.53245	70
0.532456	71
0.532858	70
0.533263	70
0.533266	71
0.533615	71
0.533616	71
0.533617	70
0.534021	71
0.534063	70
0.534064	70
0.534066	69
0.534468	70
0.534481	71
0.534887	72
0.535219	71
0.535626	71
0.535628	71
0.535629	70
0.535631	70
0.536034	70
0.536089	70
0.53609	70
0.536091	69
0.536494	70
0.536508	71
0.536913	72
0.537239	71
0.53724	71
0.537241	70
0.537645	71
0.537666	70
0.538071	70
0.538079	70
0.53808	70
0.538081	69
0.538484	70
0.538533	71
0.538938	72
0.539271	71
0.539273	71
0.539274	70
0.539678	71
0.539713	70
0.540118	70
0.54015	70
0.540151	70
0.540152	69
0.540555	70
0.540559	71
0.540939	70
0.54094	70
0.540941	69
0.541344	70
0.541368	71
0.541749	70
0.542154	70
0.542163	70
0.542165	70
0.542166	69
0.542569	70
0.542582	71
0.542974	70
0.542975	70
0.542976	69
0.543379	70
0.543391	71
0.543796	72
0.544131	71
0.544537	71
0.544548	71
0.544549	70
0.544551	70
0.544954	70
0.544975	70
0.544976	70
0.544977	69
0.54538	70
0.545417	71
0.545822	72
0.546149	71
0.54615	71
0.546152	70
0.546556	71
0.546587	70
0.546992	70
0.547039	71
0.54704	71
0.547362	71
0.547363	70
0.547446	71
0.547814	70
0.547815	70
0.547816	69
0.548219	70
0.548254	71
0.548659	72
0.549008	71
0.549414	71
0.549436	71
0.549437	70
0.549438	70
0.549842	70
0.549877	71
0.550216	71
0.550217	71
0.550218	70
0.550622	71
0.550646	70
0.550647	70
0.550648	69
0.551051	70
0.551092	71
0.551474	70
0.551475	70
0.551477	69
0.551879	70
0.551879	69
0.552283	69
0.552305	70
0.552705	70
0.552706	69
0.552707	69
0.55311	69
0.553114	70
0.553493	70
0.553495	70
0.553496	69
0.553899	70
0.553923	71
0.553924	70
0.554246	70
0.554247	69
0.554329	70
0.554722	69
0.555126	69
0.555135	70
0.55554	71
0.555906	71
0.555907	71
0.555908	70
0.556312	71
0.55634	70
0.556341	70
0.556342	69
0.556745	70
0.556756	71
0.557139	70
0.557544	70
0.557566	71
0.557908	71
0.55791	71
0.557911	70
0.558315	71
0.558336	70
0.558338	70
0.558339	69
0.558741	70
0.558781	71
0.55918	70
0.559585	70
0.55959	70
0.559591	69
0.559592	69
0.559995	69
0.559995	70
0.560393	70
0.560394	70
0.560395	69
0.560798	70
0.560804	71
0.561209	72
0.561569	71
0.56157	71
0.561571	70
0.561975	71
0.561995	70
0.5624	70
0.562426	71
0.56275	71
0.562751	71
0.562752	70
0.563156	71
0.563206	70
0.563207	70
0.563208	69
0.563611	70
0.563641	71
0.564042	70
0.564447	70
0.564451	71
0.564804	71
0.564806	70
0.564807	70
0.565211	70
0.56522	70
0.565221	70
0.565223	69
0.565625	70
0.565666	71
0.566071	70
0.566072	70
0.566395	69
0.566476	70
0.566476	71
0.56688	72
0.566881	71
0.567288	71
0.567613	71
0.567615	71
0.567616	70
0.56802	71
0.568053	70
0.568055	70
0.568056	69
0.568458	70
0.568502	71
0.568907	72
0.569244	71
0.569651	71
0.569678	71
0.56968	70
0.569681	70
0.570085	70
0.570099	70
0.5701	70
0.570102	69
0.570504	70
0.570528	71
0.570918	70
0.570919	70
0.57092	69
0.571323	70
0.571337	71
0.571735	70
0.57214	70
0.572141	70
0.572143	69
0.572144	69
0.572546	69
0.572551	70
0.572927	70
0.572929	70
0.57293	69
0.573333	70
0.57336	71
0.573765	72
0.57409	71
0.574091	71
0.574092	70
0.574496	71
0.57451	70
0.574512	70
0.574513	69
0.574916	70
0.574948	69
0.575352	69
0.575372	69
0.575373	69
0.575375	68
0.575776	69
0.575787	70
0.576191	71
0.576596	72
0.576942	71
0.576943	71
0.576945	70
0.577348	71
0.57738	70
0.577785	70
0.577811	70
0.577812	70
0.577814	69
0.578216	70
0.578216	71
0.578607	70
0.579012	70
0.579013	70
0.579014	69
0.579016	69
0.579418	69
0.57943	70
0.579835	71
0.580178	71
0.580179	71
0.58018	70
0.580584	71
0.580611	70
0.580612	70
0.580613	69
0.581016	70
0.581051	71
0.581456	72
0.581789	71
0.582195	71
0.58221	71
0.582212	71
0.582213	70
0.582617	71
0.582643	70
0.582644	70
0.582646	69
0.583048	70
0.583072	69
0.583476	69
0.583481	70
0.583886	71
0.584215	71
0.584217	70
0.584218	70
0.584622	70
0.584631	70
0.584633	70
0.584634	69
0.585036	70
0.585101	71
0.585498	70
0.585499	70
0.5855	69
0.585903	70
0.58591	71
0.586315	72
0.586664	71
0.58707	71
0.587071	71
0.587073	71
0.587074	70
0.587478	71
0.587491	70
0.587492	70
0.587493	69
0.587896	70
0.587921	69
0.588325	69
0.588336	69
0.588337	69
0.588338	68
0.58874	69
0.588743	70
0.589147	71
0.589534	70
0.589535	70
0.589537	69
0.589939	70
0.589956	71
0.590354	70
0.590759	70
0.590766	71
0.591109	71
0.59111	71
0.591111	70
0.591515	71
0.591533	70
0.591534	70
0.591536	69
0.591938	70
0.591982	71
0.592387	72
0.592717	71
0.593123	71
0.593159	71
0.593161	71
0.593162	70
0.593566	71
0.59359	70
0.593995	70
0.593995	70
0.593996	69
0.593997	69
0.5944	69
0.594413	70
0.594807	70
0.594809	70
0.59481	69
0.595213	70
0.595222	71
0.595627	72
0.595957	71
0.595958	71
0.595959	70
0.596363	71
0.596394	70
0.596799	70
0.596842	70
0.596844	69
0.596845	69
0.597247	69
0.597247	70
0.597653	71
0.597984	71
0.597986	71
0.597987	70
0.598391	71
0.598423	70
0.598424	70
0.598425	69
0.598828	70
0.598868	71
0.599273	72
0.599617	71
0.599618	71
0.599619	70
0.600023	71
0.600033	70
0.600034	70
0.600035	69
0.600438	70
0.600488	71
0.600893	72
0.601267	71
0.601673	71
0.601683	71
0.601684	71
0.601685	70
0.602089	71
0.602111	72
0.602461	71
0.602462	71
0.602463	70
0.602867	71
0.602908	70
0.602909	70
0.60291	69
0.603312	70
0.603325	71
0.603721	70
0.604127	70
0.604135	71
0.604514	71
0.604515	70
0.604516	70
0.604919	70
0.604945	71
0.605349	72
0.605702	72
0.605704	72
0.605705	71
0.606107	72
0.606159	73
0.606563	74
0.60696	73
0.606961	73
0.606962	72
0.607366	73
0.607373	74
0.607741	73
0.608147	73
0.60815	73
0.608151	73
0.608152	72
0.608555	73
0.608588	74
0.608966	73
0.608967	73
0.608968	72
0.609371	73
0.609397	74
0.609801	75
0.610133	74
0.610539	74
0.610566	74
0.610567	73
0.610568	73
0.610971	73
0.611018	74
0.611369	74
0.61137	74
0.611371	73
0.611771	74
0.611824	75
0.612226	76
0.612629	77
0.612953	76
0.61336	76
0.613364	76
0.613365	76
0.613366	75
0.613771	76
0.613789	75
0.613791	75
0.613792	74
0.614194	75
0.614229	74
0.614231	74
0.614232	73
0.614632	74
0.614655	75
0.615058	76
0.615428	75
0.615834	75
0.615835	75
0.615836	75
0.615838	74
0.61624	75
0.616273	76
0.616677	77
0.617	76
0.617001	76
0.617002	75
0.617406	76
0.617446	75
0.617852	75
0.617876	75
0.617877	75
0.617879	74
0.618278	75
0.618295	76
0.618696	77
0.6191	78
0.619454	77
0.619456	77
0.619457	76
0.619861	77
0.619906	76
0.62031	76
0.620315	77
0.620696	77
0.620697	77
0.620699	76
0.621102	77
0.621119	76
0.62112	76
0.621122	75
0.621523	76
0.621528	77
0.621926	76
0.622332	76
0.622339	77
0.622672	77
0.622673	77
0.622675	76
0.623078	77
0.623103	76
0.623104	76
0.623105	75
0.623508	76
0.623554	77
0.623956	78
0.624359	79
0.624759	78
0.625165	78
0.62517	79
0.625171	79
0.625484	79
0.625485	78
0.625577	79
0.625927	78
0.625928	78
0.62593	77
0.626331	78
0.626383	79
0.626787	80
0.627144	79
0.62755	79
0.627561	79
0.627562	78
0.627563	78
0.627966	78
0.628003	79
0.628408	80
0.62874	80
0.628741	80
0.628742	79
0.629147	80
0.629174	79
0.629175	79
0.629176	78
0.629579	79
0.629626	80
0.63003	81
0.630425	80
0.630831	80
0.630841	81
0.631199	81
0.6312	80
0.631202	80
0.631604	80
0.631651	81
0.632055	82
0.632423	82
0.632424	82
0.632425	81
0.632829	82
0.632858	81
0.632859	81
0.63286	80
0.633262	81
0.633268	82
0.633672	83
0.634077	84
0.634392	83
0.634799	83
0.634814	83
0.634815	82
0.634816	82
0.63522	82
0.635261	82
0.635262	82
0.635263	81
0.635665	82
0.635699	83
0.636093	82
0.636094	82
0.636095	81
0.636499	82
0.63651	83
0.636915	84
0.637244	83
0.637245	83
0.637246	82
0.63765	83
0.637673	82
0.637674	82
0.637676	81
0.638077	82
0.63813	83
0.638535	84
0.638852	83
0.639259	83
0.639261	83
0.639262	83
0.639263	82
0.639667	83
0.639713	82
0.639714	82
0.639715	81
0.640117	82
0.640156	83
0.64056	84
0.64088	83
0.640881	83
0.640882	82
0.641286	83
0.641312	82
0.641313	82
0.641314	81
0.641715	82
0.641774	83
0.642178	84
0.642518	83
0.642926	83
0.642945	83
0.642946	83
0.642948	82
0.643351	83
0.643387	82
0.643389	82
0.64339	81
0.643791	82
0.6438	83
0.644205	84
0.644517	83
0.644519	83
0.64452	82
0.644922	83
0.64495	82
0.644951	82
0.644952	81
0.645353	82
0.645418	83
0.645822	84
0.64613	83
0.646538	83
0.646564	83
0.646566	82
0.646567	82
0.646971	82
0.646989	82
0.64699	82
0.646991	81
0.647393	82
0.647443	83
0.647831	82
0.647832	82
0.647834	81
0.648238	82
0.648253	83
0.648658	84
0.648989	83
0.64899	83
0.648991	82
0.649395	83
0.649424	82
0.649829	82
0.649846	82
0.649847	82
0.649848	81
0.65025	82
0.650279	83
0.650682	84
0.650991	83
0.650993	83
0.650994	82
0.651399	83
0.651412	82
0.651413	82
0.651414	81
0.651817	82
0.651899	81
0.6523	81
0.6523	82
0.652704	83
0.653059	83
0.65306	83
0.653061	82
0.653465	83
0.653479	82
0.653481	82
0.653482	81
0.653885	82
0.653919	83
0.654323	84
0.654673	83
0.654674	83
0.654675	82
0.655081	83
0.655111	82
0.655516	82
0.655525	82
0.655526	82
0.655528	81
0.655929	82
0.655944	83
0.656334	82
0.656335	82
0.656337	81
0.65674	82
0.656754	83
0.657159	84
0.657474	83
0.657475	83
0.657476	82
0.65788	83
0.657905	82
0.657906	82
0.657908	81
0.658309	82
0.658374	83
0.658751	82
0.659158	82
0.659185	83
0.659527	83
0.659528	83
0.659529	82
0.659932	83
0.659995	84
0.660373	83
0.660374	83
0.660375	82
0.660778	83
0.660804	82
0.660806	82
0.661111	81
0.661207	82
0.661207	83
0.66161	84
0.661954	83
0.662361	83
0.662374	83
0.662375	83
0.662377	82
0.662781	83
0.662791	82
0.662793	82
0.662794	81
0.663196	82
0.663232	83
0.663635	82
0.663636	82
0.663638	81
0.664039	82
0.66404	83
0.664436	82
0.664842	82
0.664852	83
0.665183	83
0.665185	82
0.665186	82
0.66559	82
0.66562	82
0.665621	82
0.665622	81
0.666024	82
0.666067	83
0.666468	82
0.666469	82
0.666471	81
0.666875	82
0.666877	83
0.667277	82
0.667278	82
0.66728	81
0.667683	82
0.667683	81
0.667685	81
0.667686	80
0.668087	81
0.66809	82
0.668462	81
0.668869	81
0.668898	81
0.668899	80
0.6689	80
0.669303	80
0.669305	81
0.669652	81
0.669654	81
0.669655	80
0.670059	81
0.670084	80
0.670085	80
0.670086	79
0.670488	80
0.670519	81
0.670884	80
0.670886	80
0.670887	79
0.671291	80
0.671321	79
0.671322	79
0.671323	78
0.671725	79
0.671732	80
0.672134	81
0.672487	80
0.672488	80
0.672489	79
0.672893	80
0.672929	79
0.673334	79
0.67335	80
0.673719	80
0.67372	79
0.673721	79
0.674125	79
0.674125	79
0.674126	79
0.674127	78
0.674529	79
0.674563	80
0.674965	81
0.675356	80
0.675357	80
0.675358	79
0.675762	80
0.675775	81
0.676097	80
0.676504	80
0.676512	80
0.676513	79
0.676515	79
0.676918	79
0.676974	79
0.676975	79
0.676976	78
0.677378	79
0.677396	80
0.677801	81
0.678118	80
0.678119	80
0.67812	79
0.678526	80
0.67853	79
0.678532	79
0.678533	78
0.678935	79
0.679018	80
0.679422	81
0.679737	80
0.680145	80
0.680147	80
0.680148	79
0.680149	79
0.680553	79
0.6806	79
0.680601	79
0.680603	78
0.681004	79
0.681044	80
0.681408	79
0.681409	79
0.68141	78
0.681814	79
0.681845	78
0.681847	78
0.681848	77
0.682251	78
0.682258	79
0.682663	80
0.683004	79
0.683409	79
0.683431	79
0.683432	79
0.683433	78
0.683835	79
0.683877	80
0.68428	81
0.684685	82
0.68501	81
0.685012	81
0.685013	80
0.685417	81
0.685425	80
0.68583	80
0.685855	80
0.685857	79
0.685858	79
0.68626	79
0.686306	80
0.686681	80
0.686682	80
0.686684	79
0.687087	80
0.687103	79
0.687104	79
0.687105	78
0.687507	79
0.687519	80
0.687888	79
0.688294	79
0.688322	79
0.688323	78
0.688324	78
0.688727	78
0.688734	79
0.689138	80
0.689497	80
0.689499	80
0.6895	79
0.689905	80
0.68992	79
0.689922	79
0.689923	78
0.690327	79
0.690356	80
0.690732	79
0.690733	79
0.690734	78
0.691136	79
0.691163	80
0.691564	79
0.69197	79
0.691975	80
0.692305	80
0.692306	79
0.692308	79
0.69271	79
0.692761	79
0.692762	79
0.692763	78
0.693165	79
0.693188	80
0.693591	81
0.693924	80
0.693926	80
0.693927	79
0.694332	80
0.694341	79
0.694747	79
0.694747	79
0.694748	78
0.694749	78
0.69515	78
0.695212	79
0.695567	79
0.695569	79
0.69557	78
0.695974	79
0.696011	78
0.696012	78
0.696013	77
0.696415	78
0.696425	79
0.69683	80
0.697147	79
0.697148	79
0.697149	78
0.697553	79
0.697589	78
0.697993	78
0.698027	78
0.698028	78
0.698029	77
0.698432	78
0.69845	79
0.698854	78
0.698855	78
0.698856	77
0.699259	78
0.699259	79
0.699663	80
0.699979	79
0.69998	79
0.699981	78
0.700384	79
0.700434	78
0.700839	78
0.700865	78
0.700866	78
0.700867	77
0.70127	78
0.701282	79
0.701686	80
0.702035	79
0.702037	79
0.702038	78
0.702442	79
0.702487	78
0.702892	78
0.702902	79
0.703307	79
0.703308	78
0.703618	78
0.703711	78
0.703711	79
0.704111	79
0.704113	79
0.704114	78
0.704518	79
0.70452	80
0.704918	79
0.704919	79
0.70492	78
0.705324	79
0.70533	80
0.705331	79
0.705643	79
0.705644	78
0.705736	79
0.706129	78
0.706532	78
0.706542	79
0.706947	80
0.707265	80
0.707267	79
0.707268	79
0.707672	79
0.707684	79
0.707685	79
0.707686	78
0.708088	79
0.708162	80
0.708565	81
0.708958	80
0.708959	80
0.70896	79
0.709364	80
0.709375	81
0.709698	80
0.710103	80
0.710154	80
0.710155	79
0.710156	79
0.710558	79
0.710589	80
0.710987	80
0.710988	80
0.710989	79
0.711393	80
0.711399	81
0.711794	80
0.711796	80
0.711797	79
0.712201	80
0.712209	81
0.712614	82
0.712945	81
0.712946	81
0.712947	80
0.713352	81
0.713376	80
0.713781	80
0.713803	80
0.713804	79
0.713805	79
0.714207	79
0.714236	80
0.714641	81
0.714962	81
0.714963	81
0.714964	80
0.715368	81
0.715398	80
0.715399	80
0.7154	79
0.715802	80
0.715856	81
0.716223	80
0.716224	80
0.716225	79
0.716629	80
0.716649	79
0.716651	79
0.716652	78
0.717053	79
0.717069	80
0.717472	81
0.717842	80
0.718248	80
0.718282	80
0.718283	80
0.718284	79
0.718688	80
0.718688	81
0.719093	82
0.719094	81
0.719403	81
0.719404	80
0.719499	81
0.719849	80
0.71985	80
0.719851	79
0.720253	80
0.720306	81
0.720711	82
0.721039	81
0.721445	81
0.721467	81
0.721468	81
0.721469	80
0.721873	81
0.721926	80
0.721927	80
0.721929	79
0.72233	80
0.722332	81
0.722691	80
0.722692	80
0.722693	79
0.723097	80
0.723131	79
0.723534	79
0.723544	79
0.723545	79
0.723546	78
0.723949	79
0.72395	80
0.724318	79
0.724319	79
0.724321	78
0.724722	79
0.724758	80
0.725162	81
0.725483	80
0.725484	80
0.725485	79
0.725888	80
0.725937	79
0.72634	79
0.726375	80
0.726745	80
0.726746	80
0.726747	79
0.727151	80
0.72716	79
0.727161	79
0.727162	78
0.727564	79
0.727588	80
0.727982	79
0.728388	80
0.728397	79
0.728398	79
0.728399	78
0.728803	79
0.728804	80
0.729186	79
0.729187	79
0.729189	78
0.72959	79
0.729612	80
0.729988	79
0.730394	79
0.730405	79
0.730406	79
0.730407	78
0.73081	79
0.730827	80
0.731228	79
0.73123	79
0.731231	78
0.731632	79
0.731635	80
0.731984	79
0.731986	79
0.731987	78
0.732391	79
0.732424	78
0.732828	78
0.732837	78
0.732838	78
0.732839	77
0.733239	78
0.73325	79
0.733654	80
0.733976	79
0.733977	79
0.733979	78
0.734382	79
0.734439	78
0.734844	78
0.73487	79
0.735276	80
0.735621	80
0.735622	80
0.735623	79
0.736026	80
0.736086	81
0.73649	82
0.73682	81
0.736821	81
0.736823	80
0.737225	81
0.7373	82
0.737704	83
0.738035	82
0.738443	82
0.738446	82
0.738448	82
0.738449	81
0.738853	82
0.738868	81
0.73887	81
0.738871	80
0.739273	81
0.739326	82
0.73973	83
0.74006	82
0.740465	82
0.740481	82
0.740483	81
0.740484	81
0.740886	81
0.740945	82
0.741349	84
0.741719	83
0.741721	83
0.741722	82
0.742123	83
0.742157	84
0.742562	85
0.742876	84
0.742877	84
0.742878	83
0.743282	84
0.743323	83
0.743727	83
0.743779	84
0.744143	84
0.744144	84
0.744145	83
0.74455	84
0.744563	83
0.744565	83
0.744566	82
0.74497	83
0.74497	82
0.745374	82
0.7454	83
0.745401	83
0.745709	83
0.74571	82
0.745807	83
0.746151	82
0.746152	82
0.746154	81
0.746556	82
0.746616	83
0.74702	84
0.747353	83
0.747354	83
0.747356	82
0.74776	83
0.747796	82
0.748201	82
0.748201	82
0.748202	81
0.748203	81
0.748605	81
0.748639	82
0.749032	82
0.749034	82
0.749035	81
0.749439	82
0.74945	83
0.749769	82
0.74977	82
0.749772	81
0.750174	82
0.750237	81
0.750238	81
0.750239	80
0.75064	81
0.750661	82
0.751065	83
0.751385	82
0.751792	82
0.751802	82
0.751803	82
0.751804	81
0.752208	82
0.752237	81
0.752238	81
0.752239	80
0.752641	81
0.752687	82
0.75307	81
0.753071	81
0.753072	80
0.753476	81
0.753491	80
0.753492	80
0.753493	79
0.753895	80
0.753899	81
0.7543	80
0.754706	80
0.754707	80
0.754708	80
0.754709	79
0.755113	80
0.755116	81
0.755521	80
0.755522	80
0.755831	79
0.755925	80
0.755925	81
0.756327	80
0.756329	80
0.75633	79
0.756734	80
0.756734	81
0.757139	82
0.75714	81
0.757547	81
0.757858	81
0.757859	80
0.75786	80
0.758263	80
0.758353	80
0.758354	80
0.758355	79
0.758758	80
0.75876	81
0.759078	80
0.759079	80
0.75908	79
0.759484	80
0.759509	79
0.75951	79
0.759511	78
0.759913	79
0.759974	80
0.760377	81
0.760726	80
0.760727	80
0.760728	79
0.761132	80
0.761159	79
0.761563	79
0.761591	80
0.761983	80
0.761984	79
0.761985	79
0.762388	79
0.7624	80
0.762804	81
0.763157	81
0.763158	81
0.76316	80
0.763563	81
0.763609	80
0.76361	80
0.763612	79
0.764015	80
0.76402	81
0.76441	80
0.764411	80
0.764412	79
0.764816	80
0.76483	79
0.765234	79
0.765234	80
0.765638	81
0.765954	81
0.765955	80
0.765957	80
0.76636	80
0.766365	80
0.766366	80
0.766368	79
0.766772	80
0.766782	79
0.766784	79
0.766785	78
0.767186	79
0.767257	80
0.76766	81
0.768065	82
0.768401	81
0.768403	81
0.768404	80
0.768808	81
0.768843	80
0.769248	80
0.769265	80
0.769266	80
0.769267	79
0.769668	80
0.769685	81
0.770089	80
0.77009	80
0.770091	79
0.770495	80
0.770495	81
0.770866	80
0.770867	80
0.770868	79
0.771272	80
0.771278	79
0.771682	79
0.771709	80
0.772113	81
0.772458	81
0.772459	81
0.772461	80
0.772865	81
0.772896	80
0.772897	80
0.772898	79
0.773301	80
0.773328	81
0.773734	82
0.774059	81
0.77406	81
0.774062	80
0.774466	81
0.774485	80
0.774889	80
0.77495	81
0.775354	82
0.775677	82
0.775678	82
0.77568	81
0.776085	82
0.776098	81
0.776099	81
0.7761	80
0.776503	81
0.776561	80
0.776562	80
0.776563	79
0.776963	80
0.776972	81
0.777376	82
0.777693	81
0.7781	81
0.778114	81
0.778115	81
0.778116	80
0.778521	81
0.778539	80
0.77854	80
0.778542	79
0.778944	80
0.779	81
0.779403	82
0.77976	81
0.779762	81
0.779763	80
0.780167	81
0.780171	80
0.780173	80
0.780174	79
0.780577	80
0.780619	81
0.781022	82
0.781361	81
0.781769	81
0.781774	81
0.781775	81
0.781776	80
0.78218	81
0.78223	80
0.782232	80
0.782233	79
0.782634	80
0.782644	81
0.783048	82
0.783411	81
0.783412	81
0.783413	80
0.783817	81
0.783838	80
0.783839	80
0.78384	79
0.784241	80
0.784261	81
0.784665	82
0.785008	81
0.785413	81
0.785442	81
0.785443	81
0.785445	80
0.785849	81
0.785881	80
0.785882	80
0.786191	79
0.786285	80
0.786285	81
0.786686	82
0.787067	81
0.787069	81
0.78707	80
0.787474	81
0.787496	80
0.7879	80
0.7879	81
0.788268	81
0.788269	81
0.788271	80
0.788674	81
0.788696	80
0.788697	80
0.788698	79
0.7891	80
0.789113	81
0.789516	82
0.789921	81
0.789922	81
0.790232	80
0.790327	81
0.790327	82
0.790731	83
0.791083	82
0.791491	82
0.79151	82
0.791511	82
0.791512	81
0.791916	82
0.79195	83
0.792316	82
0.792318	82
0.792319	81
0.79272	82
0.792758	83
0.793163	84
0.793505	83
0.793506	83
0.793508	82
0.793912	83
0.793954	82
0.794357	82
0.794379	82
0.79438	82
0.794688	81
0.794784	82
0.794784	83
0.79516	82
0.795162	82
0.795163	81
0.795564	82
0.795591	83
0.795947	82
0.795948	82
0.795949	81
0.796353	82
0.796384	81
0.796788	81
0.796799	81
0.7968	81
0.796801	80
0.797204	81
0.797209	82
0.797612	83
0.797954	82
0.797955	82
0.797956	81
0.798361	82
0.798385	81
0.79879	81
0.7988	81
0.798801	80
0.798802	80
0.799205	80
0.799234	81
0.799638	83
0.799974	82
0.799976	82
0.799977	81
0.800379	82
0.800428	81
0.800429	81
0.80043	80
0.800833	81
0.800852	82
0.801256	83
0.801589	82
0.801995	82
0.802027	82
0.802029	81
0.80203	81
0.802432	81
0.802472	82
0.802858	82
0.802859	82
0.80286	81
0.803262	82
0.80328	83
0.803683	84
0.804031	83
0.804032	83
0.804034	82
0.804437	83
0.80444	82
0.804844	82
0.804875	82
0.804876	82
0.804877	81
0.805279	82
0.8053	83
0.805704	84
0.806045	83
0.806046	83
0.806047	82
0.806452	83
0.806476	82
0.806881	82
0.806882	82
0.806884	81
0.806885	81
0.807286	81
0.807325	82
0.807727	83
0.808129	83
0.80813	83
0.808131	82
0.808535	83
0.808537	84
0.808921	83
0.808922	83
0.808923	82
0.809326	83
0.809346	84
0.809672	83
0.81008	83
0.810081	83
0.810082	83
0.810083	82
0.810487	83
0.810539	82
0.81054	82
0.810541	81
0.810943	82
0.810968	83
0.811372	84
0.811685	83
0.811687	83
0.811688	82
0.812092	83
0.812113	82
0.812518	82
0.812545	82
0.812546	81
0.812547	81
0.81295	81
0.812993	82
0.813398	83
0.813743	83
0.813745	83
0.813746	82
0.814148	83
0.814202	82
0.814204	82
0.814205	81
0.814606	82
0.81461	83
0.815013	84
0.815385	83
0.815793	83
0.815799	83
0.8158	83
0.815801	82
0.816204	83
0.816229	84
0.816632	85
0.816975	84
0.816977	84
0.816978	83
0.817383	84
0.817406	83
0.817407	83
0.817408	82
0.817812	83
0.817848	82
0.818251	82
0.818252	83
0.818625	83
0.818626	82
0.818627	82
0.819032	82
0.819047	82
0.819048	82
0.819049	81
0.81945	82
0.819466	83
0.81987	84
0.82018	83
0.820181	83
0.820182	82
0.820586	83
0.820596	82
0.820597	82
0.820598	81
0.821	82
0.821085	83
0.821488	84
0.821827	83
0.822234	83
0.822246	83
0.822247	83
0.822249	82
0.822651	83
0.822687	82
0.822689	82
0.82269	81
0.82309	82
0.823107	83
0.823512	84
0.823837	83
0.823838	83
0.823839	82
0.824244	83
0.824261	82
0.824262	82
0.824263	81
0.824666	82
0.824731	83
0.825135	84
0.825522	83
0.825929	83
0.825933	83
0.825934	83
0.825935	82
0.826338	83
0.826351	84
0.826753	85
0.827138	84
0.82714	84
0.827141	83
0.827546	84
0.827564	85
0.827921	84
0.827922	84
0.827923	83
0.828325	84
0.828372	85
0.828776	86
0.829107	85
0.829108	85
0.82911	84
0.829514	85
0.829562	84
0.829964	84
0.829991	85
0.830395	86
0.830704	86
0.830705	86
0.830706	85
0.83111	86
0.831153	85
0.831154	85
0.831155	84
0.831556	85
0.831609	86
0.832013	87
0.832333	86
0.832335	86
0.832336	85
0.832741	86
0.832764	85
0.833165	85
0.833228	86
0.833632	87
0.83396	87
0.833961	87
0.833962	86
0.834367	87
0.834379	86
0.83438	86
0.834382	85
0.834783	86
0.834848	87
0.835251	88
0.835561	87
0.835562	87
0.835563	86
0.835967	87
0.835985	86
0.836388	86
0.836465	87
0.836787	87
0.836788	87
0.836789	86
0.837196	87
0.837199	86
0.8372	86
0.837202	85
0.837604	86
0.837669	85
0.83767	85
0.837672	84
0.838071	85
0.838083	86
0.838486	87
0.838798	86
0.839205	86
0.839217	86
0.839219	85
0.83922	85
0.839622	85
0.839705	86
0.840109	87
0.84044	87
0.840441	87
0.840442	86
0.840846	87
0.840862	86
0.840863	86
0.840864	85
0.841266	86
0.841324	87
0.841727	88
0.842055	87
0.842056	87
0.842058	86
0.84246	87
0.84246	86
0.842462	86
0.842463	85
0.842865	86
0.842941	87
0.843345	88
0.84367	87
0.844078	87
0.844088	87
0.844089	87
0.84409	86
0.844494	87
0.844519	86
0.844521	86
0.844522	85
0.844923	86
0.844968	87
0.845372	88
0.845677	87
0.845678	87
0.845679	86
0.846083	87
0.846118	86
0.846119	86
0.84612	85
0.846521	86
0.846586	87
0.846987	88
0.847392	89
0.847721	88
0.847723	88
0.847724	87
0.848128	88
0.848128	87
0.84853	87
0.848609	88
0.848921	88
0.848922	88
0.848923	87
0.849329	88
0.849342	87
0.849343	87
0.849344	86
0.849746	87
0.849824	88
0.850226	89
0.850558	88
0.850559	88
0.850561	87
0.850966	88
0.850993	87
0.851397	87
0.851443	88
0.851848	89
0.852171	89
0.852172	88
0.852174	88
0.852576	88
0.852605	88
0.852606	88
0.852608	87
0.853007	88
0.853061	89
0.853465	90
0.853795	89
0.853796	89
0.853798	88
0.854203	89
0.854215	88
0.854216	88
0.854217	87
0.854619	88
0.854681	89
0.855083	90
0.855456	89
0.855864	89
0.855883	89
0.855884	89
0.855885	88
0.856288	89
0.856299	90
0.856702	91
0.857003	89
0.857411	90
0.857432	89
0.857434	89
0.857435	88
0.857836	89
0.857917	90
0.858319	91
0.858628	89
0.859035	90
0.859086	89
0.859491	90
0.85953	89
0.859531	89
0.859532	88
0.859933	89
0.859937	90
0.86034	91
0.860689	89
0.861095	90
0.861135	89
0.86154	89
0.861556	90
0.861962	91
0.862667	92
0.862694	89
0.863099	92
0.863112	89
0.863515	91
0.86388	92
0.864289	93
0.864313	89
0.864719	93
0.864736	89
0.86514	92
0.865506	93
0.865547	89
0.865952	92
0.865987	89
0.866389	92
0.866719	93
0.867128	89
0.867534	92
0.867534	93
0.867545	89
0.86795	93
0.867998	89
0.868402	92
0.86874	89
0.869145	91
0.869146	89
0.86955	91
0.869559	92
0.869967	93
0.870003	89
0.870407	92
0.870776	93
0.871184	94
0.871239	89
0.871644	94
0.871999	95
0.87207	89
0.872475	94
0.872484	89
0.872887	94
0.873215	95
0.873626	96
0.873681	89
0.874086	95
0.874091	89
0.874495	95
0.874845	96
0.875257	89
0.875663	95
0.875663	96
0.875678	89
0.876083	96
0.876116	89
0.876521	95
0.876883	96
0.877267	89
0.877672	96
0.877702	97
0.878114	98
0.878528	99
0.87886	89
0.879267	98
0.879317	89
0.879721	97
0.879754	99
0.880168	100
0.880501	89
0.880905	99
0.881286	100
0.881697	89
0.882103	99
0.882111	100
0.88214	89
0.882543	100
0.882928	101
0.883344	102
0.883763	103
0.88379	89
0.884195	102
0.884205	89
0.88461	102
0.884614	89
0.885021	101
0.885397	102
0.885815	103
0.886159	89
0.886565	103
0.886597	89
0.887	102
0.887046	103
0.887354	89
0.887756	102
0.888168	103
0.888257	89
0.888663	103
0.888978	89
0.889382	102
0.8894	103
0.88982	104
0.890221	89
0.890627	104
0.89065	105
0.890665	89
0.891069	104
0.891474	105
0.891828	89
0.892234	105
0.892292	89
0.892697	104
0.892709	105
0.892711	89
0.893116	104
0.893829	105
0.894252	106
0.894265	89
0.894672	106
0.894678	89
0.895083	105
0.89512	89
0.895523	105
0.895889	106
0.895935	89
0.896341	105
0.896348	89
0.896752	104
0.897073	89
0.897476	104
0.897524	105
0.897883	89
0.898291	104
0.898298	89
0.898703	104
0.898756	89
0.89916	103
0.899161	104
0.899582	105
0.900004	106
0.900726	107
0.90073	89
0.901134	106
0.901552	107
0.901976	108
0.902349	89
0.902754	108
0.902795	89
0.9032	107
0.903213	108
0.903638	109
0.904365	110
0.904366	89
0.90477	110
0.905195	111
0.905625	112
0.905648	89
0.906056	111
0.906057	89
0.906462	111
0.906472	89
0.906874	110
0.907267	111
0.907646	89
0.908053	111
0.908053	89
0.908461	110
0.908467	89
0.908872	109
0.909211	110
0.909638	111
0.910027	89
0.910431	111
0.910472	112
0.910883	89
0.911289	111
0.911308	112
0.911313	89
0.911717	111
0.912089	89
0.912494	110
0.912548	111
0.913274	113
0.913704	114
0.914071	89
0.914476	113
0.914542	114
0.91456	89
0.914965	113
0.915275	89
0.91568	113
0.915722	89
0.916125	112
0.916186	113
0.916586	89
0.916994	113
0.916994	89
0.917399	112
0.917726	113
0.918157	114
0.918546	89
0.918953	113
0.918965	89
0.91937	113
0.919404	114
0.919432	89
0.919834	113
0.920237	114
0.920616	89
0.921021	113
0.921025	89
0.92143	113
0.921778	114
0.92181	89
0.922214	113
0.922613	114
0.923046	115
0.923369	89
0.923776	114
0.923791	89
0.924196	114
0.924268	89
0.924673	113
0.924994	114
0.92503	89
0.925433	113
0.925827	114
0.926261	115
0.92627	89
0.926675	114
0.927099	115
0.92783	116
0.927835	89
0.92824	116
0.928316	89
0.928721	115
0.929073	116
0.929442	89
0.929847	116
0.929858	89
0.930264	115
0.930314	89
0.93072	114
0.930723	115
0.930739	89
0.931141	114
0.931522	89
0.93193	114
0.931937	89
0.932342	113
0.932371	114
0.932378	89
0.932782	113
0.933506	114
0.93353	89
0.933935	114
0.934298	89
0.934703	113
0.934749	114
0.934778	89
0.93518	113
0.935514	89
0.935918	113
0.935988	114
0.936419	115
0.936756	89
0.937161	114
0.937226	89
0.937631	113
0.937635	89
0.938041	112
0.938043	89
0.938448	112
0.938768	113
0.939201	114
0.939255	89
0.939662	113
0.939963	89
0.940366	112
0.940443	113
0.940873	114
0.941173	89
0.941581	113
0.941588	89
0.941994	112
0.94204	89
0.942445	112
0.942475	89
0.94288	111
0.943223	112
0.943634	89
0.944039	111
0.944056	89
0.944461	110
0.944462	111
0.94489	112
0.945251	89
0.945657	111
0.94567	89
0.946076	110
0.946093	89
0.946498	110
0.946519	89
0.946921	109
0.946938	110
0.947313	89
0.947718	109
0.948058	89
0.948461	108
0.948471	109
0.948899	110
0.948931	89
0.949339	109
0.949355	89
0.949763	108
0.949783	89
0.950188	107
0.950543	108
0.950968	89
0.951374	108
0.951375	109
0.951727	89
0.95213	108
0.952204	109
0.952925	89
0.95333	108
0.953334	109
0.953372	89
0.953778	108
0.953794	89
0.954197	107
0.954567	108
0.954993	109
0.955419	110
0.955774	89
0.95618	110
0.956188	89
0.956593	109
0.956653	89
0.957058	109
0.957064	110
0.957409	89
0.957814	109
0.957862	89
0.958268	108
0.958268	89
0.958672	107
0.959003	108
0.959426	109
0.959852	110
0.960225	89
0.960631	110
0.960671	89
0.961075	109
0.961092	110
0.961816	111
0.962243	112
0.962675	113
0.962676	89
0.963083	113
0.963091	89
0.963497	112
0.963498	89
0.963901	111
0.964319	112
0.964695	89
0.9651	112
0.965112	89
0.965516	111
0.965854	112
0.966275	89
0.96668	111
0.966691	112
0.966709	89
0.967114	112
0.967122	89
0.967526	111
0.967888	89
0.96829	111
0.968334	112
0.968763	113
0.969114	89
0.969519	112
0.969567	89
0.969971	112
0.970005	113
0.970732	114
0.970792	89
0.971198	113
0.971544	89
0.971948	112
0.971975	113
0.972403	114
0.973136	115
0.973157	89
0.973562	115
0.973607	89
0.974008	114
0.974375	115
0.974755	89
0.975161	115
0.975179	89
0.975583	114
0.975621	115
0.976052	116
0.976785	117
0.97682	89
0.977226	116
0.977268	89
0.977671	116
0.978027	117
0.978462	89
0.978869	116
0.97887	117
0.978874	89
0.979279	116
0.980006	117
0.980093	89
0.980498	117
0.980843	89
0.981246	116
0.981252	117
0.981686	118
0.982089	89
0.982496	117
0.982509	89
0.982915	117
0.982936	118
0.982937	89
0.98334	117
0.984069	89
0.984474	116
0.984477	117
0.984544	89
0.984947	117
0.985316	118
0.985701	89
0.986107	117
0.986161	118
0.986894	119
0.987288	89
0.987694	118
0.987721	89
0.988126	118
0.988144	119
0.98818	89
0.988581	118
0.988978	89
0.989384	117
0.989389	118
0.989406	89
0.989812	118
0.99053	119
0.990565	89
0.990971	118
0.991003	89
0.991409	117
0.991415	89
0.991818	116
0.99218	118
0.992619	119
0.992624	89
0.993028	118
0.993395	89
0.993799	117
0.993864	118
0.994585	89
0.994992	118
0.995009	119
0.995016	89
0.995421	118
0.995851	119
0.996272	89
0.996674	118
0.996693	119
0.997429	120
0.997453	89
0.99786	120
0.997868	89
0.998272	119
0.998679	120
0.998708	89
0.999113	119
0.999524	89
0.999928	119
0.999928	120
1.00026	89
1.00066	119
1.0007	89
1.00111	118
1.00147	119
1.00186	89
1.00227	119
1.00228	89
1.00269	118
1.00271	89
1.00311	117
1.00312	118
1.00356	119
1.00389	89
1.0043	119
1.00431	89
1.00472	118
1.00473	89
1.00514	118
1.00551	119
1.00559	89
1.00599	118
1.00635	119
1.00679	120
1.00713	89
1.00754	119
1.00761	89
1.00801	118
1.00802	89
1.00843	118
1.00874	119
1.00916	89
1.00957	118
1.00959	119
1.0096	89
1.01001	118
1.01043	119
1.01117	120
1.01119	89
1.01159	120
1.0116	89
1.012	119
1.01242	120
1.01281	89
1.01322	119
1.01324	89
1.01364	118
1.01367	119
1.0144	120
1.01442	89
1.01483	119
1.01484	89
1.01524	119
1.01529	89
1.0157	118
1.01606	119
1.01646	89
1.01686	118
1.01687	89
1.01727	117
1.0173	118
1.01774	119
1.01806	89
1.01846	118
1.01853	89
1.01894	118
1.01929	119
1.01933	89
1.01974	118
1.01975	89
1.02015	117
1.02053	118
1.0209	89
1.0213	118
1.02133	89
1.02173	117
1.02178	118
1.02252	119
1.02258	89
1.02299	118
1.02299	89
1.0234	117
1.02341	89
1.02381	117
1.02417	118
1.02419	89
1.0246	117
1.02461	89
1.02501	116
1.02503	89
1.02543	115
1.02582	116
1.02617	89
1.02658	115
1.02663	89
1.02704	114
1.02736	115
1.02779	89
1.02819	115
1.02821	116
1.02825	89
1.02865	115
1.02904	116
1.0294	89
1.02981	115
1.02987	89
1.03027	114
1.03029	115
1.03102	116
1.03104	89
1.03144	116
1.03149	89
1.03189	115
1.03226	116
1.03269	89
1.0331	115
1.0331	116
1.03312	89
1.03353	115
1.03394	89
1.03435	115
1.03465	116
1.03469	89
1.03509	115
1.03548	116
1.03592	117
1.03631	89
1.03672	116
1.03672	89
1.03712	116
1.03717	117
1.03752	89
1.03792	116
1.03793	89
1.03834	115
1.03837	89
1.03878	115
1.03878	89
1.03918	114
1.03952	89
1.03992	113
1.03992	114
1.03996	89
1.04036	113
1.04076	114
1.04119	115
1.04155	89
1.04196	115
1.04202	89
1.04243	114
1.04243	115
1.04316	116
1.04357	89
1.04398	116
1.04398	89
1.04438	115
1.04441	116
1.04484	117
1.04518	89
1.04559	116
1.04564	89
1.04604	116
1.04639	117
1.04643	89
1.04684	116
1.04689	89
1.04729	115
1.04763	116
1.04764	89
1.04804	116
1.04848	117
1.04849	89
1.04889	116
1.0489	89
1.0493	115
1.04931	89
1.04972	114
1.05013	115
1.05086	89
1.05126	115
1.05126	116
1.05166	89
1.05206	115
1.0521	116
1.0525	89
1.05291	115
1.05293	89
1.05333	115
1.05335	116
1.05367	89
1.05408	115
1.05411	89
1.05451	114
1.05489	115
1.05529	89
1.0557	114
1.05571	89
1.05611	114
1.05613	115
1.05656	116
1.05691	89
1.05732	115
1.05732	89
1.05772	114
1.05774	89
1.05814	113
1.05822	114
1.05895	115
1.05896	89
1.05937	115
1.05937	89
1.05978	114
1.0598	89
1.06021	113
1.06059	89
1.061	112
1.061	113
1.06143	114
1.06187	115
1.06218	89
1.06258	114
1.06261	89
1.06302	114
1.06341	115
1.06347	89
1.06388	114
1.06388	89
1.06428	113
1.06465	114
1.06503	89
1.06543	113
1.06546	89
1.06587	112
1.06588	89
1.06628	111
1.0663	112
1.06665	89
1.06706	111
1.0671	89
1.0675	111
1.06754	112
1.06827	113
1.0683	89
1.0687	112
1.06873	89
1.06914	111
1.06916	89
1.06956	110
1.06987	89
1.07028	110
1.07029	89
1.0707	109
1.0707	89
1.0711	108
1.07113	109
1.0715	89
1.0719	108
1.07194	89
1.07235	107
1.07236	108
1.07279	109
1.07316	89
1.07356	108
1.07357	89
1.07397	108
1.07402	109
1.07475	110
1.07478	89
1.07519	109
1.07522	89
1.07563	108
1.07598	109
1.07641	110
1.07675	89
1.07716	109
1.07717	89
1.07758	109
1.07759	89
1.07799	108
1.07802	89
1.07842	107
1.07846	108
1.07888	109
1.07959	89
1.07999	109
1.08001	110
1.08008	89
1.08049	109
1.08084	110
1.08124	89
1.08165	109
1.08168	110
1.0817	89
1.0821	109
1.08251	110
1.08323	111
1.08367	112
1.08367	89
1.08408	112
1.08411	89
1.08452	111
1.08491	112
1.08534	113
1.08569	89
1.08609	112
1.08614	89
1.08655	112
1.08688	113
1.08731	114
1.08731	89
1.08772	113
1.08775	89
1.08816	112
1.08819	89
1.08859	111
1.0889	89
1.0893	111
1.08932	89
1.08972	110
1.08975	89
1.09015	109
1.09017	110
1.09052	89
1.09093	109
1.09094	89
1.09135	109
1.09141	110
1.09142	89
1.09183	109
1.09183	89
1.09224	108
1.09262	89
1.09302	107
1.09305	108
1.09344	89
1.09385	108
1.09418	109
1.0946	110
1.09502	89
1.09542	109
1.09544	110
1.09547	89
1.09587	109
1.09624	89
1.09665	109
1.09666	89
1.09706	108
1.09708	109
1.09709	89
1.09749	108
1.09784	89
1.09825	108
1.09827	89
1.09867	107
1.0987	89
1.0991	106
1.09912	107
1.09913	89
1.09953	107
1.10024	89
1.10064	106
1.10066	107
1.10074	89
1.10114	106
1.10148	107
1.1019	108
1.10226	89
1.10267	107
1.10273	89
1.10314	107
1.10314	108
1.10317	89
1.10357	107
1.10393	89
1.10434	106
1.10435	89
1.10475	106
1.10478	107
1.10517	89
1.10557	106
1.1059	107
1.10631	89
1.10672	107
1.10674	108
1.10676	89
1.10716	107
1.1072	89
1.10761	106
1.10797	107
1.10834	89
1.10875	107
1.10876	89
1.10916	106
1.1092	107
1.10923	89
1.10963	106
1.11001	89
1.11041	106
1.11042	89
1.11082	105
1.11084	106
1.11085	89
1.11125	105
1.11158	89
1.11198	104
1.11207	105
1.11278	89
1.11319	105
1.11319	89
1.1136	104
1.1136	105
1.11368	89
1.11408	104
1.11443	89
1.11483	103
1.11483	104
1.11484	89
1.11525	104
1.11525	89
1.11566	103
1.11569	89
1.1161	102
1.11647	103
1.1165	89
1.11691	102
1.11692	89
1.11732	101
1.1177	102
1.11808	89
1.11849	101
1.1185	89
1.1189	101
1.11893	102
1.11934	103
1.11976	104
1.12007	89
1.12048	103
1.12051	89
1.12091	102
1.12093	89
1.12134	102
1.12169	103
1.12211	104
1.1225	89
1.12291	103
1.12294	104
1.12296	89
1.12336	103
1.12376	104
1.12414	89
1.12454	103
1.12456	89
1.12496	103
1.125	104
1.12533	89
1.12574	103
1.12581	89
1.12622	102
1.12623	103
1.12624	89
1.12665	103
1.12665	89
1.12706	102
1.12746	103
1.12777	89
1.12818	102
1.12858	103
1.129	104
1.12901	89
1.12941	103
1.12944	89
1.12984	102
1.1302	89
1.13061	102
1.13063	103
1.13102	89
1.13142	102
1.13146	103
1.13188	104
1.1323	105
1.13263	89
1.13303	104
1.13306	89
1.13346	104
1.13353	105
1.13424	89
1.13465	104
1.13465	89
1.13506	103
1.13506	104
1.13512	89
1.13552	104
1.13589	105
1.13627	89
1.13668	104
1.13671	105
1.13713	106
1.13755	107
1.13792	89
1.13833	106
1.13835	89
1.13875	106
1.13878	89
1.13919	105
1.1392	106
1.13991	89
1.14032	105
1.14032	106
1.14074	107
1.14117	108
1.14156	89
1.14196	108
1.14196	89
1.14237	107
1.1424	108
1.14276	89
1.14317	107
1.14323	108
1.14396	109
1.14438	110
1.14441	89
1.14481	110
1.14486	89
1.14527	109
1.14562	110
1.14598	89
1.14639	109
1.14644	89
1.14685	109
1.14686	110
1.14724	89
1.14765	109
1.14767	89
1.14807	108
1.1481	109
1.14882	110
1.14925	89
1.14966	110
1.14966	111
1.14969	89
1.15009	110
1.15049	111
1.15092	112
1.15124	89
1.15165	112
1.15167	89
1.15207	111
1.15211	89
1.15252	110
1.15286	111
1.15329	112
1.15334	89
1.15374	112
1.15412	89
1.15452	111
1.15453	112
1.15495	89
1.15535	112
1.15536	113
1.15577	89
1.15618	112
1.15619	89
1.15659	111
1.15661	112
1.15697	89
1.15737	112
1.15774	113
1.15812	89
1.15852	112
1.15854	89
1.15894	111
1.15898	112
1.15901	89
1.15941	112
1.15981	113
1.16021	89
1.16062	112
1.16064	89
1.16105	111
1.16105	112
1.16145	89
1.16185	112
1.16218	113
1.16257	89
1.16298	112
1.16298	89
1.16339	111
1.16343	112
1.16345	89
1.16386	111
1.16426	112
1.16462	89
1.16502	111
1.1651	112
1.16582	114
1.16621	89
1.16662	113
1.16664	89
1.16705	112
1.16706	89
1.16746	111
1.16747	112
1.1679	113
1.16833	114
1.16864	89
1.16905	114
1.16912	89
1.16952	113
1.16987	114
1.16987	89
1.17028	113
1.17032	89
1.17072	112
1.17073	89
1.17113	112
1.17152	113
1.17195	114
1.17228	89
1.17269	113
1.17275	89
1.17315	112
1.17319	113
1.1739	89
1.17431	113
1.17432	114
1.17476	115
1.17512	89
1.17552	114
1.17559	115
1.17603	116
1.17673	89
1.17714	116
1.17715	89
1.17755	115
1.17757	89
1.17797	114
1.17797	115
1.17841	116
1.17881	89
1.17922	115
1.17923	89
1.17963	115
1.17965	116
1.18039	117
1.18041	89
1.18082	116
1.18085	89
1.18125	115
1.18163	116
1.18201	89
1.18242	116
1.18242	89
1.18283	115
1.18288	116
1.18331	117
1.18404	118
1.18448	119
1.18483	89
1.18524	118
1.18524	89
1.18565	118
1.18573	119
1.18644	89
1.18685	118
1.18685	89
1.18726	117
1.18728	118
1.18729	89
1.18769	118
1.18809	89
1.18849	117
1.18853	118
1.18854	89
1.18894	117
1.18928	89
1.18969	116
1.18969	89
1.1901	115
1.19018	116
1.19019	89
1.1906	116
1.19131	89
1.19171	115
1.19172	116
1.19215	117
1.19252	89
1.19293	116
1.19295	89
1.19336	115
1.1934	116
1.1934	89
1.1938	115
1.19417	89
1.19457	114
1.19464	115
1.19538	117
1.19576	89
1.19617	116
1.19622	117
1.19665	118
1.19666	89
1.19706	117
1.19778	89
1.19819	116
1.1982	89
1.1986	116
1.1986	117
1.19861	89
1.19902	116
1.19909	89
1.1995	115
1.19984	116
1.20027	89
1.20068	115
1.20068	116
1.20111	89
1.20151	115
1.20152	116
1.20226	117
1.20227	89
1.20267	117
1.20269	89
1.2031	116
1.2035	117
1.20394	118
1.20429	89
1.20469	117
1.20507	89
1.20547	117
1.20548	118
1.20552	89
1.20593	117
1.20632	118
1.20633	89
1.20673	117
1.20675	89
1.20715	117
1.20717	89
1.20757	116
1.20798	117
1.20871	89
1.20911	117
1.20912	118
1.20912	89
1.20953	117
1.20953	89
1.20994	116
1.21036	117
1.21074	89
1.21114	117
1.21117	89
1.21158	116
1.21161	117
1.21165	89
1.21205	116
1.21245	117
1.21245	89
1.21286	116
1.21325	89
1.21365	116
1.21399	117
1.21407	89
1.21447	116
1.21483	117
1.21518	89
1.21559	116
1.2156	89
1.21601	115
1.21608	89
1.21648	115
1.21648	116
1.21722	117
1.21725	89
1.21766	116
1.21771	89
1.21811	115
1.21846	116
1.21849	89
1.21889	115
1.21892	89
1.21932	115
1.21964	89
1.22005	114
1.22006	89
1.22046	113
1.22046	89
1.22086	112
1.22092	113
1.22135	114
1.22166	89
1.22207	114
1.22208	89
1.22249	113
1.2225	89
1.22291	112
1.22294	89
1.22334	111
1.2237	112
1.22377	89
1.22418	111
1.2245	89
1.2249	111
1.22491	89
1.22532	110
1.22534	111
1.22536	89
1.22577	110
1.22617	111
1.2266	112
1.22695	89
1.22736	111
1.22737	89
1.22777	110
1.22783	89
1.22823	110
1.22855	111
1.22898	112
1.22902	89
1.22943	111
1.22943	89
1.22984	110
1.23021	111
1.23064	112
1.23097	89
1.23138	111
1.23148	112
1.23221	113
1.23228	89
1.23269	113
1.23304	114
1.23348	115
1.2338	89
1.23421	114
1.23461	115
1.23505	116
1.23512	89
1.23552	116
1.23583	89
1.23623	115
1.23625	89
1.23665	114
1.2367	115
1.23709	89
1.2375	115
1.23754	89
1.23794	114
1.23794	115
1.23826	89
1.23867	114
1.23868	89
1.23909	114
1.23911	89
1.23951	113
1.23988	89
1.24029	112
1.24029	113
1.24037	89
1.24078	112
1.24109	89
1.2415	111
1.24152	89
1.24193	111
1.24194	112
1.24199	89
1.24239	111
1.24277	112
1.24316	89
1.24357	111
1.24357	89
1.24398	110
1.24398	89
1.24438	110
1.24439	89
1.24479	109
1.24482	110
1.24483	89
1.24523	109
1.24565	110
1.24595	89
1.24636	109
1.24636	89
1.24677	109
1.24677	89
1.24718	108
1.24724	89
1.24764	107
1.24798	89
1.24839	106
1.2484	107
1.24841	89
1.24881	106
1.24889	89
1.24929	106
1.24963	107
1.25002	89
1.25043	106
1.25045	89
1.25086	105
1.25086	89
1.25127	104
1.25127	105
1.25169	106
1.25205	89
1.25245	105
1.25248	89
1.25288	105
1.25293	89
1.25333	104
1.25333	105
1.25375	106
1.25408	89
1.25448	105
1.25449	89
1.25489	104
1.25528	105
1.25568	89
1.25608	105
1.25611	106
1.25615	89
1.25655	105
1.25694	106
1.25732	89
1.25773	105
1.25776	106
1.25811	89
1.25851	105
1.25854	89
1.25894	105
1.259	106
1.25932	89
1.25972	105
1.25973	89
1.26013	104
1.26016	89
1.26057	103
1.26064	104
1.26136	105
1.26138	89
1.26179	105
1.26185	89
1.26225	104
1.26256	89
1.26296	103
1.26296	89
1.26337	102
1.26337	89
1.26377	101
1.2638	102
1.26422	103
1.26464	105
1.26506	106
1.26549	107
1.2658	89
1.26621	106
1.26661	107
1.26704	108
1.26741	89
1.26782	107
1.26784	89
1.26824	107
1.26827	108
1.2683	89
1.26871	107
1.2691	108
1.26947	89
1.26987	108
1.26993	109
1.27066	110
1.27072	89
1.27113	109
1.27115	89
1.27155	109
1.2719	110
1.27232	111
1.27275	112
1.27308	89
1.27348	111
1.27349	89
1.2739	110
1.27429	111
1.27472	89
1.27512	111
1.27513	112
1.27555	113
1.27598	114
1.27636	89
1.27677	113
1.2768	89
1.27721	113
1.27753	114
1.2776	89
1.27801	113
1.27836	114
1.2784	89
1.27881	113
1.2792	114
1.27921	89
1.27961	114
1.27998	89
1.28038	113
1.28044	114
1.28044	89
1.28085	114
1.28116	89
1.28157	113
1.28161	89
1.28201	113
1.28207	89
1.28248	112
1.28279	113
1.28319	89
1.2836	112
1.28361	89
1.28402	112
1.28403	113
1.28407	89
1.28448	112
1.28486	113
1.28522	89
1.28562	112
1.28568	89
1.28608	111
1.28611	89
1.28651	111
1.28651	112
1.28724	89
1.28764	111
1.28764	112
1.28765	89
1.28806	111
1.2881	89
1.2885	110
1.28888	111
1.28931	112
1.28934	89
1.28975	112
1.2901	89
1.29051	111
1.29055	112
1.29098	113
1.29169	89
1.2921	112
1.2921	89
1.29251	111
1.29252	112
1.29258	89
1.29298	112
1.29331	89
1.29371	111
1.29375	112
1.29416	89
1.29457	111
1.29459	112
1.29502	113
1.29533	89
1.29574	113
1.2958	89
1.29621	112
1.29656	113
1.29698	89
1.29738	112
1.2974	113
1.29783	114
1.29826	115
1.29861	89
1.29901	115
1.29904	89
1.29944	114
1.29947	89
1.29988	114
1.30021	115
1.30029	89
1.30069	114
1.30102	89
1.30143	113
1.30144	89
1.30184	113
1.30186	114
1.30221	89
1.30262	113
1.30264	89
1.30304	112
1.30305	89
1.30345	111
1.3035	112
1.30393	113
1.30424	89
1.30464	112
1.30466	89
1.30507	112
1.3051	89
1.30551	111
1.30588	112
1.30593	89
1.30633	111
1.30671	112
1.30673	89
1.30713	111
1.30715	89
1.30755	110
1.30795	111
1.30797	89
1.30838	111
1.30839	89
1.3088	110
1.30918	89
1.30958	109
1.30959	110
1.31032	111
1.31032	89
1.31073	110
1.31082	89
1.31122	110
1.31156	111
1.31198	112
1.31237	89
1.31277	111
1.31281	89
1.31322	110
1.31322	111
1.31365	112
1.31399	89
1.31439	112
1.31479	113
1.3148	89
1.31521	112
1.31522	89
1.31562	112
1.31603	113
1.31646	114
1.31681	89
1.31722	113
1.31722	89
1.31763	112
1.3177	113
1.31841	89
1.31882	113
1.31882	89
1.31923	112
1.31925	113
1.31933	89
1.31973	112
1.32008	113
1.32044	89
1.32085	112
1.32092	113
1.32135	114
1.32167	89
1.32207	114
1.32209	89
1.3225	113
1.32254	89
1.32294	112
1.32327	89
1.32367	112
1.3237	113
1.3237	89
1.32411	112
1.32411	89
1.32451	111
1.32457	89
1.32498	110
1.3253	89
1.3257	109
1.32572	89
1.32613	108
1.32615	109
1.32616	89
1.32657	108
1.32692	89
1.32732	107
1.32734	89
1.32774	107
1.32775	89
1.32815	106
1.3282	107
1.32862	89
1.32902	106
1.32903	107
1.32935	89
1.32975	106
1.32981	89
1.33021	105
1.33026	106
1.33056	89
1.33097	105
1.33098	89
1.33138	105
1.33145	89
1.33185	104
1.33219	105
1.33225	89
1.33265	104
1.33266	89
1.33307	103
1.33308	89
1.33348	102
1.33383	103
1.33422	89
1.33463	103
1.33465	104
1.33471	89
1.33511	103
1.33542	89
1.33582	102
1.33584	89
1.33625	102
1.33629	103
1.3363	89
1.3367	102
1.33711	103
1.33753	104
1.33785	89
1.33825	103
1.33826	89
1.33867	103
1.3387	89
1.33911	102
1.33917	103
1.33988	104
1.33992	89
1.34032	103
1.34071	104
1.34109	89
1.34149	103
1.34153	104
1.3419	89
1.3423	104
1.34232	89
1.34272	103
1.34275	89
1.34316	102
1.34317	103
1.34359	104
1.34392	89
1.34433	104
1.34442	105
1.34513	89
1.34554	104
1.34554	89
1.34595	103
1.34595	104
1.34596	89
1.34636	104
1.34677	105
1.34719	106
1.34762	107
1.34764	89
1.34805	106
1.34806	89
1.34847	105
1.34885	106
1.34919	89
1.34959	105
1.34967	89
1.35007	105
1.35008	106
1.35039	89
1.3508	105
1.35082	89
1.35123	104
1.35125	89
1.35166	104
1.3517	89
1.3521	103
1.35212	104
1.35251	89
1.35292	103
1.35325	104
1.35325	89
1.35366	103
1.35374	89
1.35415	103
1.35415	89
1.35456	102
1.35488	103
1.3553	104
1.35572	105
1.35607	89
1.35647	104
1.35653	89
1.35693	103
1.35695	104
1.35731	89
1.35771	104
1.35773	89
1.35813	103
1.35818	104
1.3589	105
1.35894	89
1.35934	104
1.35938	89
1.35978	103
1.36011	89
1.36052	103
1.36052	89
1.36093	102
1.36094	89
1.36134	101
1.36135	102
1.36176	103
1.36218	104
1.36254	89
1.36295	104
1.36295	89
1.36335	103
1.36341	104
1.36343	89
1.36383	103
1.36416	89
1.36457	102
1.36457	89
1.36497	101
1.36498	89
1.36538	101
1.36545	102
1.36587	103
1.36629	104
1.36659	89
1.367	103
1.36709	89
1.3675	102
1.36782	103
1.36824	104
1.36866	105
1.36902	89
1.36942	104
1.36944	89
1.36984	104
1.36989	105
1.37031	106
1.37073	107
1.37107	89
1.37148	106
1.37148	89
1.37189	105
1.37226	106
1.37269	107
1.37271	89
1.37311	107
1.37352	108
1.37388	89
1.37429	107
1.37435	108
1.37469	89
1.3751	107
1.3751	89
1.3755	107
1.37553	89
1.37594	106
1.37599	107
1.37671	89
1.37711	106
1.37711	107
1.37754	108
1.37792	89
1.37833	108
1.37837	109
1.37837	89
1.37878	108
1.37883	89
1.37923	107
1.37955	89
1.37995	107
1.37996	89
1.38037	106
1.38042	107
1.38084	108
1.38117	89
1.38158	107
1.38166	89
1.38206	106
1.38207	107
1.38245	89
1.38286	107
1.38287	89
1.38328	106
1.38361	107
1.38403	108
1.38446	109
1.38484	89
1.38524	108
1.38529	109
1.3853	89
1.3857	108
1.38612	109
1.38646	89
1.38687	109
1.38725	110
1.38768	111
1.38807	89
1.38847	110
1.38851	111
1.38894	112
1.38931	89
1.38972	112
1.38973	89
1.39013	111
1.39048	112
1.39091	113
1.39091	89
1.39132	112
1.39175	113
1.39176	89
1.39216	113
1.39258	114
1.393	89
1.3934	113
1.39372	114
1.39376	89
1.39416	114
1.39418	89
1.39458	113
1.39495	89
1.39535	113
1.39537	114
1.39541	89
1.39581	113
1.3962	114
1.39654	89
1.39695	113
1.39695	89
1.39736	112
1.39736	89
1.39776	112
1.39785	113
1.39825	89
1.39865	112
1.39898	113
1.39938	89
1.39978	112
1.3998	89
1.40021	112
1.40022	113
1.40065	114
1.40102	89
1.40143	113
1.40149	89
1.4019	112
1.4019	113
1.40262	114
1.40301	89
1.40342	114
1.40344	89
1.40384	113
1.40385	89
1.40425	112
1.40427	113
1.4047	114
1.40471	89
1.40511	113
1.40513	89
1.40554	113
1.40586	89
1.40626	112
1.40633	89
1.40674	111
1.40675	112
1.40747	89
1.40788	112
1.40789	113
1.40789	89
1.40829	112
1.40834	89
1.40875	111
1.40913	112
1.40956	89
1.40996	112
1.40996	113
1.41036	89
1.41076	112
1.4108	113
1.41111	89
1.41152	112
1.41153	89
1.41193	111
1.41202	89
1.41242	111
1.41274	112
1.41317	113
1.4132	89
1.41361	112
1.41362	89
1.41402	111
1.41441	112
1.41481	89
1.41522	112
1.41525	113
1.41525	89
1.41566	112
1.41606	89
1.41647	111
1.41678	112
1.41721	113
1.41728	89
1.41768	113
1.418	89
1.4184	112
1.41846	113
1.41883	89
1.41924	112
1.41929	113
1.41968	89
1.42009	113
1.42009	89
1.4205	112
1.42052	89
1.42092	111
1.42124	112
1.42133	89
1.42174	111
1.42205	89
1.42246	111
1.42248	112
1.42291	113
1.42334	114
1.42366	89
1.42407	113
1.42447	114
1.42449	89
1.4249	113
1.42498	89
1.42538	112
1.42572	113
1.42615	114
1.42651	89
1.42691	114
1.42699	115
1.42771	89
1.42812	114
1.42812	115
1.42816	89
1.42856	114
1.42896	115
1.42939	116
1.42974	89
1.43014	116
1.43014	89
1.43055	115
1.43064	116
1.43098	89
1.43139	115
1.4314	89
1.4318	114
1.43218	115
1.43261	116
1.433	89
1.4334	116
1.43345	117
1.43348	89
1.43388	116
1.43459	117
1.43464	89
1.43505	116
1.43507	89
1.43547	116
1.43584	117
1.43588	89
1.43628	116
1.43666	89
1.43707	115
1.43708	116
1.43751	117
1.43825	118
1.43825	89
1.43866	118
1.43868	89
1.43909	117
1.43949	118
1.43954	89
1.43995	118
1.44026	89
1.44067	117
1.44067	89
1.44108	116
1.44115	89
1.44155	115
1.44155	116
1.44188	89
1.44228	116
1.44229	89
1.44269	115
1.44309	116
1.4431	89
1.4435	115
1.44357	89
1.44398	114
1.4443	89
1.44471	114
1.44471	89
1.44511	113
1.44512	89
1.44553	112
1.44555	113
1.44592	89
1.44633	112
1.44639	113
1.44643	89
1.44684	112
1.44714	89
1.44755	111
1.4476	89
1.448	111
1.44804	112
1.44876	113
1.44917	89
1.44957	112
1.44959	89
1.45	111
1.45	112
1.45002	89
1.45042	111
1.45084	112
1.45123	89
1.45164	112
1.45167	113
1.452	89
1.4524	112
1.4524	89
1.45281	111
1.45291	89
1.45332	110
1.45332	111
1.45404	112
1.45443	89
1.45483	112
1.45488	113
1.4549	89
1.4553	112
1.45571	113
1.45615	114
1.45648	89
1.45688	113
1.45728	114
1.45733	89
1.45773	114
1.45812	115
1.45855	116
1.45896	89
1.45937	115
1.45937	89
1.45978	114
1.4601	115
1.46017	89
1.46057	114
1.4609	89
1.46131	114
1.46133	89
1.46173	113
1.46173	89
1.46214	112
1.46215	113
1.46221	89
1.46261	112
1.46294	89
1.46335	111
1.46336	89
1.46376	111
1.46379	112
1.46414	89
1.46455	111
1.46461	89
1.46501	110
1.46503	111
1.46576	112
1.46618	89
1.46659	111
1.4666	113
1.46667	89
1.46707	112
1.46743	113
1.46745	89
1.46785	112
1.46789	89
1.46829	111
1.4686	89
1.469	111
1.46904	89
1.46944	110
1.46948	111
1.46991	112
1.47024	89
1.47065	111
1.47066	89
1.47106	110
1.47145	111
1.47188	112
1.4719	89
1.47231	111
1.47234	89
1.47275	111
1.47305	89
1.47346	110
1.47346	89
1.47387	109
1.47393	110
1.47396	89
1.47436	109
1.47473	89
1.47514	109
1.47516	89
1.47557	108
1.47557	109
1.47629	110
1.47634	89
1.47674	109
1.47677	89
1.47717	108
1.47753	109
1.47793	89
1.47833	109
1.47835	89
1.47875	108
1.47877	109
1.47877	89
1.47917	108
1.47959	109
1.47993	89
1.48034	109
1.48036	89
1.48076	108
1.48079	89
1.48119	107
1.48122	89
1.48162	107
1.48164	108
1.48196	89
1.48236	107
1.48238	89
1.48278	106
1.48287	89
1.48328	105
1.48358	106
1.48399	89
1.48439	105
1.4844	106
1.48483	107
1.48484	89
1.48525	107
1.48526	89
1.48567	106
1.48569	89
1.4861	105
1.48646	89
1.48686	105
1.48687	106
1.48689	89
1.48729	105
1.48762	89
1.48803	104
1.48805	89
1.48845	103
1.48851	104
1.48854	89
1.48894	103
1.48924	89
1.48965	103
1.48967	89
1.49007	102
1.49013	89
1.49053	101
1.49055	102
1.4909	89
1.4913	101
1.49137	102
1.49167	89
1.49208	101
1.49209	89
1.4925	100
1.49258	89
1.49298	100
1.4933	101
1.49371	102
1.49376	89
1.49416	101
1.49417	89
1.49457	100
1.4946	89
1.495	99
1.49534	100
1.49576	101
1.49577	89
1.49617	101
1.49623	89
1.49663	100
1.49699	101
1.497	89
1.4974	100
1.49781	101
1.49781	89
1.49822	100
1.49855	89
1.49896	100
1.49897	89
1.49938	99
1.49942	89
1.49982	98
1.49984	99
1.50018	89
1.50058	99
1.50063	89
1.50104	98
1.50106	89
1.50146	97
1.50147	98
1.50188	89
1.50228	97
1.50229	98
1.5023	89
1.5027	98
1.50311	99
1.50345	89
1.50385	98
1.50423	99
1.50426	89
1.50466	98
1.50467	89
1.50508	98
1.50511	89
1.50552	97
1.50586	98
1.50587	89
1.50627	97
1.50667	98
1.50709	99
1.50748	89
1.50788	99
1.50789	89
1.5083	98
1.50831	99
1.50832	89
1.50872	98
1.50913	99
1.50951	89
1.50992	99
1.50995	100
1.51033	89
1.51074	99
1.51078	100
1.51119	101
1.51161	102
1.51232	103
1.51275	104
1.51277	89
1.51318	103
1.51321	89
1.51362	103
1.51397	104
1.51439	105
1.51475	89
1.51516	104
1.51521	89
1.51561	104
1.51562	105
1.51605	106
1.51637	89
1.51677	105
1.51678	89
1.51718	105
1.51727	89
1.51767	104
1.51768	105
1.5184	106
1.51842	89
1.51882	105
1.51923	106
1.51965	107
1.52001	89
1.52041	107
1.52042	89
1.52083	106
1.52089	107
1.52131	108
1.52163	89
1.52204	108
1.52205	89
1.52246	107
1.52249	89
1.5229	107
1.52325	108
1.52368	109
1.52374	89
1.52415	108
1.52446	89
1.52486	107
1.52488	89
1.52528	107
1.52532	108
1.52571	89
1.52612	107
1.52615	108
1.52656	89
1.52697	107
1.52697	89
1.52738	107
1.52739	108
1.52811	109
1.52851	89
1.52892	108
1.52894	109
1.52937	110
1.52973	89
1.53014	109
1.53015	89
1.53055	109
1.53061	110
1.53103	111
1.53176	112
1.53179	89
1.53219	111
1.53259	112
1.53261	89
1.53302	111
1.53303	89
1.53344	111
1.53383	112
1.53421	89
1.53461	111
1.53467	112
1.53539	113
1.53582	89
1.53623	113
1.53624	114
1.53625	89
1.53665	113
1.5367	89
1.53711	112
1.53748	113
1.53786	89
1.53826	113
1.53831	114
1.53903	89
1.53944	113
1.53944	89
1.53984	112
1.53986	113
1.53994	89
1.54035	113
1.54069	114
1.54107	89
1.54147	113
1.54148	89
1.54188	112
1.54193	113
1.54196	89
1.54236	113
1.54267	89
1.54308	112
1.54309	89
1.5435	111
1.54358	112
1.54359	89
1.54399	112
1.5443	89
1.54471	111
1.54472	89
1.54512	110
1.54517	89
1.54557	109
1.5456	89
1.546	108
1.54633	109
1.54672	89
1.54713	108
1.54715	89
1.54756	107
1.54756	108
1.54759	89
1.54799	108
1.54839	109
1.54875	89
1.54915	108
1.54923	109
1.54965	110
1.54996	89
1.55037	109
1.55046	89
1.55087	108
1.55118	109
1.5516	89
1.552	108
1.55202	109
1.5524	89
1.55281	109
1.55285	110
1.5532	89
1.5536	109
1.55361	89
1.55401	108
1.55403	89
1.55443	108
1.55449	109
1.5545	89
1.5549	108
1.5553	89
1.55571	107
1.55572	108
1.55603	89
1.55644	107
1.55685	109
1.55728	110
1.55732	89
1.55772	109
1.55808	89
1.55848	108
1.55851	109
1.55886	89
1.55927	108
1.55929	89
1.5597	108
1.5597	89
1.56011	107
1.56015	89
1.56055	106
1.56056	107
1.56091	89
1.56132	106
1.56133	89
1.56174	106
1.56178	89
1.56219	105
1.5622	106
1.56254	89
1.56294	105
1.56296	89
1.56337	104
1.56373	105
1.56413	89
1.56454	104
1.56456	105
1.56459	89
1.565	105
1.56538	106
1.56541	89
1.56581	105
1.56584	89
1.56624	104
1.56658	89
1.56699	103
1.56702	104
1.56744	105
1.56779	89
1.5682	105
1.56827	106
1.56858	89
1.56899	105
1.569	89
1.5694	104
1.56948	89
1.56988	104
1.57021	105
1.57028	89
1.57069	104
1.57102	89
1.57143	103
1.57143	89
1.57183	102
1.57184	103
1.57187	89
1.57228	103
1.57228	89
1.57268	102
1.57274	89
1.57314	101
1.57347	102
1.57389	103
1.57395	89
1.57435	102
1.57467	89
1.57508	102
1.57512	103
1.57554	104
1.57596	105
1.5763	89
1.57671	104
1.57674	89
1.57714	103
1.57715	89
1.57755	103
1.57759	89
1.578	102
1.5783	103
1.57834	89
1.57874	103
1.57912	89
1.57953	102
1.57953	103
1.57956	89
1.57997	102
1.58	89
1.58041	102
1.58076	103
1.58117	89
1.58158	102
1.58159	103
1.58161	89
1.58201	103
1.58237	89
1.58277	102
1.58281	103
1.58323	104
1.58365	105
1.584	89
1.5844	104
1.58444	89
1.58484	104
1.58518	105
1.58525	89
1.58566	104
1.58601	105
1.58602	89
1.58643	105
1.58683	106
1.58721	89
1.58761	105
1.58764	89
1.58804	105
1.58807	106
1.5881	89
1.5885	105
1.5889	106
1.58924	89
1.58965	106
1.58968	89
1.59009	105
1.59009	89
1.59049	104
1.59054	105
1.59055	89
1.59095	105
1.59136	89
1.59176	104
1.59177	105
1.59249	106
1.59291	107
1.59328	89
1.59369	106
1.59372	89
1.59412	106
1.59414	107
1.59457	108
1.5949	89
1.5953	107
1.5953	89
1.59571	107
1.59578	89
1.59619	106
1.59621	107
1.59654	89
1.59695	106
1.59697	89
1.59738	106
1.59774	107
1.59814	89
1.59855	106
1.59857	107
1.59857	89
1.59898	106
1.59899	89
1.5994	105
1.5998	106
1.60022	89
1.60062	106
1.60063	107
1.60104	89
1.60144	106
1.60146	107
1.60182	89
1.60223	106
1.60228	89
1.60268	106
1.60269	107
1.60308	89
1.60348	106
1.60382	107
1.60385	89
1.60425	106
1.60429	89
1.60469	106
1.60505	107
1.60508	89
1.60548	106
1.60584	89
1.60624	106
1.60626	89
1.60666	105
1.60667	89
1.60707	104
1.60709	105
1.60752	106
1.6079	89
1.6083	106
1.60831	89
1.60871	105
1.60875	106
1.60877	89
1.60917	105
1.60954	89
1.60994	105
1.60996	89
1.61037	104
1.61037	89
1.61077	103
1.61079	104
1.61109	89
1.6115	104
1.6115	89
1.61191	103
1.61196	89
1.61237	102
1.61271	89
1.61312	101
1.61312	89
1.61352	101
1.61353	102
1.6136	89
1.61401	101
1.61435	102
1.61476	89
1.61516	101
1.61518	102
1.61521	89
1.61562	101
1.61595	89
1.61636	101
1.6164	102
1.61644	89
1.61684	101
1.61722	102
1.61757	89
1.61798	101
1.61802	89
1.61843	101
1.61843	89
1.61884	100
1.61886	101
1.61889	89
1.61929	100
1.61965	89
1.62005	100
1.62008	101
1.62046	89
1.62086	100
1.62086	89
1.62127	99
1.62131	100
1.62131	89
1.62172	99
1.62203	89
1.62244	99
1.62251	89
1.62291	98
1.62324	99
1.62365	100
1.62373	89
1.62413	99
1.62447	100
1.62451	89
1.62491	99
1.62529	89
1.62569	99
1.6257	100
1.62574	89
1.62614	99
1.62652	100
1.62653	89
1.62694	100
1.62697	89
1.62737	99
1.62774	100
1.62776	89
1.62816	99
1.6285	89
1.6289	99
1.62892	89
1.62932	98
1.62937	99
1.62941	89
1.62981	98
1.63016	89
1.63057	98
1.6306	99
1.63061	89
1.63102	98
1.63142	99
1.63183	100
1.63254	101
1.63258	89
1.63299	100
1.63301	89
1.63341	100
1.63343	89
1.63383	99
1.63417	100
1.63459	101
1.63498	89
1.63539	100
1.63541	89
1.63581	100
1.63582	101
1.63588	89
1.63629	100
1.63664	101
1.63704	89
1.63745	100
1.63746	101
1.63749	89
1.63789	101
1.63828	102
1.63862	89
1.63903	101
1.63905	89
1.63946	100
1.63951	89
1.63991	100
1.63992	101
1.64033	102
1.64073	89
1.64114	101
1.64145	102
1.64146	89
1.64187	102
1.64194	89
1.64235	101
1.64268	102
1.6431	103
1.64313	89
1.64354	102
1.64356	89
1.64396	102
1.64433	103
1.64472	89
1.64513	102
1.64515	103
1.64517	89
1.64557	102
1.64558	89
1.64599	102
1.64638	103
1.6468	104
1.64713	89
1.64754	103
1.64758	89
1.64798	103
1.64833	104
1.64873	89
1.64914	103
1.64914	89
1.64955	103
1.64956	104
1.64957	89
1.64997	103
1.65038	104
1.65077	89
1.65118	103
1.65121	104
1.65122	89
1.65162	104
1.65164	89
1.65204	103
1.65238	89
1.65278	102
1.65279	89
1.6532	101
1.65325	102
1.65326	89
1.65366	102
1.65407	103
1.65407	89
1.65448	102
1.65486	89
1.65526	101
1.6553	102
1.6557	89
1.65611	101
1.65613	102
1.65613	89
1.65654	102
1.65691	89
1.65731	101
1.65765	89
1.65806	100
1.65806	101
1.65806	89
1.65847	101
1.65855	89
1.65895	100
1.65928	101
1.65936	89
1.65977	100
1.66008	89
1.66048	99
1.66051	100
1.66093	101
1.66129	89
1.6617	101
1.6617	89
1.66211	100
1.66213	89
1.66253	99
1.66256	100
1.66297	101
1.66339	102
1.6634	89
1.66381	102
1.6642	89
1.66461	101
1.66462	102
1.66501	89
1.66542	101
1.66544	102
1.66574	89
1.66615	102
1.66615	89
1.66655	101
1.66661	89
1.66701	100
1.66737	101
1.66744	89
1.66785	100
1.66785	89
1.66826	100
1.6686	101
1.66902	102
1.66904	89
1.66944	101
1.66947	89
1.66987	100
1.66988	89
1.67028	100
1.6706	89
1.67101	99
1.67101	89
1.67141	98
1.67141	89
1.67182	98
1.67186	99
1.67228	100
1.67269	101
1.67303	89
1.67344	100
1.67344	89
1.67385	99
1.67389	89
1.6743	98
1.67432	99
1.67434	89
1.67474	99
1.67514	100
1.67556	101
1.67627	102
1.67669	103
1.6767	89
1.67711	102
1.67712	89
1.67752	102
1.67758	89
1.67798	101
1.67832	102
1.67836	89
1.67877	101
1.67877	89
1.67917	101
1.67919	89
1.6796	100
1.67995	101
1.67998	89
1.68039	100
1.68042	89
1.68082	100
1.68117	89
1.68157	99
1.68158	100
1.68193	89
1.68234	99
1.68234	89
1.68275	99
1.68276	89
1.68316	98
1.68322	99
1.68363	100
1.68402	89
1.68442	99
1.68444	89
1.68485	98
1.68485	99
1.68525	89
1.68566	99
1.68567	89
1.68608	98
1.68608	89
1.68648	97
1.68648	98
1.68682	89
1.68723	98
1.68725	89
1.68766	97
1.68801	98
1.68803	89
1.68843	97
1.68882	98
1.68924	99
1.68926	89
1.68967	98
1.68972	89
1.69013	98
1.69046	99
1.69088	100
1.69088	89
1.69129	99
1.69134	89
1.69174	98
1.69205	89
1.69246	98
1.69247	89
1.69288	97
1.69289	89
1.6933	96
1.69332	97
1.69373	98
1.69414	99
1.69449	89
1.6949	99
1.69497	100
1.69499	89
1.69539	99
1.6957	89
1.6961	98
1.69619	99
1.6962	89
1.6966	99
1.69661	89
1.69701	98
1.69742	99
1.69775	89
1.69815	98
1.69853	99
1.69895	100
1.69902	89
1.69943	100
1.69944	89
1.69985	99
1.70018	100
1.70024	89
1.70065	100
1.70096	89
1.70137	99
1.7014	100
1.70145	89
1.70185	99
1.70186	89
1.70227	99
1.70228	89
1.70268	98
1.70303	99
1.70345	100
1.7038	89
1.7042	99
1.70426	89
1.70467	98
1.70467	99
1.70468	89
1.70509	99
1.70549	100
1.70582	89
1.70623	99
1.70625	89
1.70666	98
1.70667	89
1.70708	97
1.70713	98
1.70754	100
1.70789	89
1.7083	99
1.7083	89
1.7087	98
1.70906	99
1.70947	100
1.70955	89
1.70995	99
1.70996	89
1.71036	99
1.71069	89
1.71109	98
1.7111	99
1.71152	100
1.71152	89
1.71193	99
1.71193	89
1.71233	99
1.7124	89
1.7128	98
1.71315	99
1.71357	100
1.71392	89
1.71432	99
1.71439	100
1.71441	89
1.71481	99
1.71513	89
1.71554	99
1.7156	89
1.71601	98
1.71602	99
1.71603	89
1.71643	98
1.71683	99
1.71725	100
1.7176	89
1.718	100
1.71805	89
1.71845	99
1.71847	100
1.71884	89
1.71925	99
1.71959	100
1.72001	101
1.7204	89
1.72081	101
1.72084	102
1.7209	89
1.7213	101
1.72161	89
1.72202	101
1.72203	89
1.72244	100
1.72246	89
1.72287	99
1.72287	100
1.72328	101
1.7237	102
1.72407	89
1.72447	102
1.72451	89
1.72491	101
1.72493	102
1.72526	89
1.72566	101
1.72575	102
1.72647	103
1.72689	104
1.72689	89
1.7273	104
1.72735	89
1.72775	103
1.72812	104
1.72848	89
1.72889	103
1.72894	104
1.72936	105
1.72979	106
1.73018	89
1.73059	106
1.73061	89
1.73101	105
1.73132	106
1.73136	89
1.73177	106
1.7318	89
1.73221	105
1.73255	106
1.73293	89
1.73334	106
1.73338	107
1.73342	89
1.73383	106
1.73421	107
1.73455	89
1.73496	107
1.73497	89
1.73538	106
1.73541	89
1.73582	105
1.73585	106
1.73627	107
1.73658	89
1.73699	107
1.73705	89
1.73746	106
1.73779	89
1.7382	105
1.73821	106
1.73863	107
1.73905	108
1.73943	89
1.73984	108
1.73987	89
1.74028	107
1.74029	108
1.7403	89
1.7407	107
1.74112	108
1.74147	89
1.74188	108
1.74225	109
1.74265	89
1.74306	108
1.74306	89
1.74347	107
1.74349	108
1.74357	89
1.74397	108
1.74428	89
1.74469	107
1.74472	89
1.74513	106
1.74513	89
1.74553	106
1.74553	107
1.74596	108
1.7463	89
1.74671	107
1.74673	89
1.74714	106
1.74718	89
1.74758	105
1.74759	106
1.74795	89
1.74836	106
1.7484	89
1.74881	105
1.74881	89
1.74921	104
1.74923	105
1.74962	89
1.75002	104
1.75003	89
1.75044	104
1.75044	89
1.75085	103
1.75116	104
1.75121	89
1.75161	103
1.75199	104
1.75238	89
1.75279	104
1.75281	89
1.75322	103
1.75322	104
1.75364	105
1.75404	89
1.75444	104
1.75447	105
1.75447	89
1.75488	105
1.75529	106
1.75561	89
1.75601	105
1.75601	89
1.75642	104
1.75651	89
1.75691	104
1.75723	105
1.75763	89
1.75804	104
1.75804	89
1.75844	103
1.75846	104
1.75848	89
1.75888	104
1.75895	89
1.75936	103
1.75969	104
1.75975	89
1.76016	103
1.76049	89
1.7609	102
1.76092	103
1.76093	89
1.76134	102
1.76173	89
1.76214	102
1.76215	103
1.76249	89
1.7629	102
1.7629	89
1.76331	101
1.76332	89
1.76373	100
1.76373	89
1.76413	99
1.76419	100
1.76452	89
1.76493	100
1.76501	101
1.76543	102
1.76577	89
1.76618	101
1.7662	89
1.76661	100
1.76662	89
1.76702	99
1.76736	100
1.76778	101
1.7678	89
1.7682	100
1.76822	89
1.76862	100
1.769	101
1.76942	102
1.76944	89
1.76985	101
1.76985	89
1.77025	100
1.77065	101
1.77107	102
1.77141	89
1.77181	101
1.77189	103
1.77231	104
1.77302	89
1.77343	103
1.77343	104
1.77348	89
1.77388	103
1.77426	104
1.77468	105
1.77505	89
1.77545	105
1.77547	89
1.77587	104
1.7759	89
1.7763	103
1.77632	104
1.77674	105
1.77716	106
1.7775	89
1.77791	106
1.77791	89
1.77832	105
1.77839	106
1.77839	89
1.7788	105
1.77911	89
1.77952	105
1.77992	106
1.78034	89
1.78075	105
1.78075	106
1.78077	89
1.78118	105
1.7812	89
1.78161	104
1.78198	105
1.7824	106
1.78275	89
1.78316	106
1.78323	107
1.78395	108
1.78436	89
1.78476	107
1.78479	108
1.78479	89
1.78519	107
1.78559	89
1.786	106
1.78601	89
1.78642	106
1.78643	107
1.78644	89
1.78684	106
1.78689	89
1.7873	105
1.78766	106
1.78768	89
1.78809	105
1.78849	107
1.7885	89
1.7889	106
1.7893	89
1.7897	105
1.78972	106
1.79004	89
1.79044	105
1.79052	89
1.79092	105
1.79124	89
1.79165	104
1.79165	105
1.79168	89
1.79208	104
1.79214	89
1.79254	104
1.79288	105
1.7933	106
1.79368	89
1.79409	105
1.79409	89
1.79449	104
1.79454	106
1.79456	89
1.79496	105
1.79536	106
1.79569	89
1.7961	105
1.79619	106
1.79691	107
1.79734	108
1.79736	89
1.79777	108
1.79778	89
1.79819	107
1.79858	108
1.799	109
1.79934	89
1.79974	108
1.79983	109
1.80056	110
1.80058	89
1.80098	110
1.80099	89
1.8014	109
1.80143	89
1.80183	108
1.8022	109
1.80259	89
1.803	108
1.80303	109
1.80346	110
1.80384	89
1.80424	110
1.8043	111
1.80502	112
1.80504	89
1.80544	111
1.80548	89
1.80588	111
1.80626	112
1.80665	89
1.80706	111
1.8071	112
1.80753	113
1.80786	89
1.80826	112
1.80865	89
1.80906	112
1.80907	113
1.80909	89
1.80949	112
1.80951	89
1.80992	111
1.80997	89
1.81037	111
1.81071	112
1.81077	89
1.81117	111
1.81118	89
1.81158	110
1.81195	111
1.81238	112
1.81273	89
1.81313	112
1.8132	89
1.8136	111
1.81392	112
1.81434	113
1.81478	114
1.81515	89
1.81556	114
1.81556	89
1.81597	113
1.81601	89
1.81641	112
1.81643	113
1.81683	89
1.81724	113
1.81725	89
1.81765	112
1.81766	89
1.81806	111
1.81837	113
1.81838	89
1.81879	112
1.81887	89
1.81927	111
1.81958	89
1.81998	110
1.82	89
1.8204	110
1.82042	111
1.82044	89
1.82085	110
1.82125	111
1.8216	89
1.82201	110
1.82202	89
1.82242	109
1.82246	89
1.82286	109
1.8229	110
1.82332	111
1.82368	89
1.82408	110
1.8241	89
1.82451	109
1.82453	89
1.82494	108
1.82494	89
1.82535	108
1.82567	109
1.8261	110
1.82646	89
1.82686	109
1.82687	89
1.82727	108
1.82729	89
1.8277	107
1.82772	89
1.82812	106
1.82814	107
1.82848	89
1.82889	106
1.8289	89
1.8293	105
1.82937	89
1.82977	105
1.82978	106
1.8302	89
1.83061	105
1.83061	89
1.83101	104
1.83102	105
1.83141	89
1.83182	104
1.83214	105
1.83222	89
1.83262	104
1.83294	89
1.83335	103
1.83337	104
1.83338	89
1.83379	103
1.83381	89
1.83421	102
1.83456	89
1.83497	101
1.83497	89
1.83537	101
1.83541	102
1.83544	89
1.83585	101
1.83623	102
1.83629	89
1.83669	101
1.83705	102
1.83741	89
1.83782	101
1.83782	89
1.83823	100
1.83828	101
1.8383	89
1.83871	100
1.83902	89
1.83942	100
1.83942	89
1.83983	99
1.83991	100
1.83992	89
1.84032	99
1.84063	89
1.84104	98
1.84104	89
1.84144	97
1.84145	89
1.84185	97
1.84194	98
1.84232	89
1.84273	97
1.84275	89
1.84316	96
1.84316	97
1.84347	89
1.84388	96
1.84389	89
1.84429	96
1.84434	89
1.84474	95
1.84509	96
1.8455	89
1.8459	95
1.84591	96
1.84593	89
1.84633	95
1.84672	96
1.84713	97
1.84716	89
1.84757	96
1.84761	89
1.84802	96
1.84836	97
1.84877	98
1.84918	99
1.84955	89
1.84996	98
1.84997	89
1.85038	97
1.85041	98
1.85042	89
1.85082	97
1.85122	98
1.85157	89
1.85197	98
1.85199	89
1.8524	97
1.85245	98
1.85286	99
1.85327	100
1.85359	89
1.854	99
1.85404	89
1.85445	99
1.85446	89
1.85487	98
1.85491	99
1.85522	89
1.85562	98
1.85602	99
1.85644	100
1.85685	101
1.85727	102
1.85765	89
1.85806	102
1.85809	103
1.8581	89
1.8585	102
1.85892	103
1.85933	104
1.85975	105
1.8601	89
1.8605	105
1.86055	89
1.86096	104
1.86096	89
1.86137	103
1.86169	104
1.8621	89
1.8625	104
1.86252	105
1.86294	106
1.8633	89
1.86371	105
1.86371	89
1.86411	105
1.86412	89
1.86452	104
1.86458	105
1.865	106
1.86534	89
1.86575	105
1.86583	106
1.86655	107
1.86658	89
1.86698	106
1.867	89
1.8674	106
1.86778	107
1.86816	89
1.86857	106
1.8686	89
1.869	105
1.86902	106
1.86943	89
1.86983	106
1.86985	107
1.87027	108
1.87059	89
1.87099	107
1.8714	108
1.87182	109
1.87221	89
1.87261	109
1.87263	89
1.87304	108
1.87306	89
1.87346	107
1.87347	108
1.87389	109
1.8743	89
1.87471	109
1.87472	89
1.87513	108
1.87513	109
1.87585	89
1.87626	108
1.87626	109
1.87628	89
1.87668	108
1.87671	89
1.87712	108
1.87712	89
1.87753	107
1.87788	89
1.87829	106
1.87831	107
1.87837	89
1.87877	106
1.87913	107
1.87918	89
1.87958	106
1.87995	89
1.88035	105
1.88037	106
1.88079	107
1.88116	89
1.88157	107
1.88157	89
1.88197	106
1.88203	107
1.88274	89
1.88314	106
1.88316	89
1.88356	106
1.88356	107
1.88359	89
1.88399	106
1.88436	89
1.88477	105
1.88479	106
1.8848	89
1.88521	105
1.88562	106
1.88602	89
1.88643	106
1.88645	107
1.88687	108
1.88725	89
1.88765	107
1.88767	89
1.88808	107
1.88809	89
1.88849	106
1.8888	107
1.88923	108
1.88966	109
1.88966	89
1.89007	108
1.89044	89
1.89085	108
1.89085	89
1.89126	107
1.89128	89
1.89168	107
1.8917	108
1.89213	109
1.89285	110
1.89288	89
1.89329	109
1.89332	89
1.89372	108
1.89374	89
1.89414	108
1.89449	109
1.89489	89
1.8953	108
1.8953	89
1.8957	107
1.89573	108
1.89616	109
1.89658	89
1.89698	109
1.89699	110
1.89738	89
1.89779	109
1.89811	110
1.89854	111
1.89893	89
1.89934	110
1.89938	111
1.89938	89
1.89979	111
1.90021	112
1.90064	113
1.90095	89
1.90135	112
1.90139	89
1.90179	111
1.90182	89
1.90222	111
1.90259	112
1.90262	89
1.90303	111
1.90306	89
1.90346	110
1.90382	111
1.90425	112
1.90461	89
1.90501	112
1.90505	89
1.90545	111
1.90549	89
1.9059	110
1.9059	111
1.90663	112
1.90665	89
1.90705	112
1.90709	89
1.9075	111
1.90787	112
1.9083	113
1.90872	89
1.90913	112
1.90913	114
1.90986	115
1.91029	89
1.91069	114
1.9107	115
1.91071	89
1.91112	114
1.91151	89
1.91191	114
1.91195	115
1.91232	89
1.91272	114
1.91278	115
1.91352	116
1.91355	89
1.91395	116
1.91398	89
1.91439	115
1.91475	89
1.91515	114
1.91516	115
1.9156	116
1.91593	89
1.91633	116
1.91639	89
1.91679	115
1.91679	89
1.9172	115
1.91754	116
1.91798	117
1.91838	89
1.91879	116
1.9188	89
1.9192	116
1.91921	89
1.91961	115
1.91963	116
1.91996	89
1.92037	115
1.9204	89
1.9208	115
1.92088	116
1.92161	117
1.92204	118
1.92248	119
1.92249	89
1.92289	118
1.92289	89
1.9233	118
1.92403	119
1.92405	89
1.92446	118
1.92448	89
1.92489	118
1.92491	89
1.92531	117
1.92568	118
1.92568	89
1.92609	117
1.92613	89
1.92654	117
1.92685	89
1.92725	116
1.92726	89
1.92766	115
1.92774	116
1.92847	117
1.92857	89
1.92897	117
1.92927	89
1.92968	116
1.92971	117
1.92976	89
1.93017	116
1.93054	89
1.93094	116
1.93096	117
1.9314	118
1.9321	89
1.93251	117
1.93251	89
1.93292	116
1.93293	89
1.93333	116
1.93334	117
1.93378	118
1.93419	89
1.9346	117
1.93462	89
1.93503	116
1.93503	117
1.93503	89
1.93544	116
1.93616	117
1.9366	118
1.93663	89
1.93703	117
1.93744	119
1.93746	89
1.93786	118
1.93818	89
1.93858	117
1.93859	89
1.93899	116
1.939	89
1.9394	115
1.93946	89
1.93986	115
1.9402	116
1.94063	117
1.94068	89
1.94109	116
1.94141	89
1.94182	115
1.94184	89
1.94225	114
1.94227	89
1.94267	114
1.94269	115
1.9427	89
1.94311	114
1.94348	89
1.94388	113
1.94393	114
1.94432	89
1.94472	113
1.94506	114
1.9455	115
1.9459	89
1.94631	114
1.94634	115
1.94674	89
1.94714	115
1.94718	116
1.94748	89
1.94789	115
1.94791	89
1.94832	114
1.94834	89
1.94875	113
1.9488	89
1.9492	113
1.94952	89
1.94993	112
1.94993	113
1.94994	89
1.95034	112
1.95041	89
1.95081	111
1.95114	89
1.95154	110
1.95157	111
1.95161	89
1.95201	111
1.9524	89
1.9528	110
1.95281	111
1.95324	112
1.95356	89
1.95396	111
1.95404	89
1.95444	110
1.95478	111
1.95483	89
1.95523	111
1.95528	89
1.95568	110
1.95568	89
1.95609	109
1.95642	110
1.95679	89
1.9572	110
1.95722	89
1.95763	109
1.95765	89
1.95805	108
1.95806	109
1.95849	110
1.95886	89
1.95927	109
1.95927	89
1.95967	108
1.95973	109
1.96006	89
1.96047	109
1.96048	89
1.96089	108
1.96126	109
1.96169	110
1.96207	89
1.96248	109
1.96252	89
1.96292	109
1.96293	110
1.96293	89
1.96334	109
1.96369	89
1.9641	108
1.96414	89
1.96454	107
1.96457	108
1.96499	109
1.9653	89
1.96571	109
1.96612	110
1.96655	111
1.96691	89
1.96732	110
1.96735	89
1.96776	109
1.96777	89
1.96818	109
1.9682	110
1.96862	111
1.96935	112
1.96937	89
1.96978	111
1.96983	89
1.97024	110
1.97025	89
1.97065	110
1.97099	111
1.97142	112
1.97177	89
1.97217	111
1.97218	89
1.97259	110
1.97263	89
1.97304	109
1.97305	89
1.97346	109
1.97347	110
1.9739	111
1.97462	112
1.97501	89
1.97541	111
1.97546	112
1.97583	89
1.97623	111
1.97624	89
1.97664	111
1.9767	112
1.97703	89
1.97743	111
1.97753	112
1.97826	113
1.97833	89
1.97874	112
1.97906	89
1.97946	112
1.9795	113
1.97993	114
1.98036	115
1.98068	89
1.98109	114
1.98111	89
1.98152	114
1.98189	89
1.9823	113
1.98231	114
1.98232	89
1.98273	113
1.98275	89
1.98315	112
1.98355	113
1.98398	114
1.98431	89
1.98472	114
1.98482	115
1.98512	89
1.98553	114
1.98595	115
1.98639	116
1.98682	117
1.98718	89
1.98759	116
1.98796	117
1.98797	89
1.98838	117
1.98843	89
1.98883	116
1.98885	89
1.98926	115
1.98961	116
1.98997	89
1.99038	115
1.99038	89
1.99079	115
1.99079	89
1.9912	114
1.99126	115
1.99127	89
1.99168	114
1.9917	89
1.9921	113
1.99243	89
1.99283	112
1.99285	89
1.99326	111
1.99328	89
1.99369	110
1.99372	111
1.99411	89
1.99452	110
1.99485	111
1.99489	89
1.99529	111
1.99533	89
1.99574	110
1.99606	89
1.99647	109
1.99649	110
1.99651	89
1.99691	109
1.99694	89
1.99734	108
1.99767	89
1.99808	107
1.99808	89
1.99849	107
1.9985	89
1.9989	106
1.99894	107
1.99931	89
1.99971	106
1.99972	89
