0.500063	1253
0.500071	1252
0.500075	1252
0.500087	1251
0.500091	1252
0.500097	1252
0.500997	1242
0.501003	1245
0.501701	1158
0.50238	1198
0.502384	1204
0.50294	1221
0.502945	1225
0.502956	1170
0.50296	1181
0.50364	1211
0.503646	1217
0.50365	1223
0.504187	1228
0.504198	1231
0.5042	1234
0.504211	1190
0.504216	1199
0.504218	1206
0.504751	1245
0.504763	1245
0.504889	1226
0.504895	1229
0.5049	1232
0.505427	1234
0.505441	1235
0.505444	1236
0.505457	1211
0.505463	1216
0.505467	1220
0.505621	1247
0.505622	1247
0.505623	1246
0.50615	1235
0.506157	1238
0.506159	1242
0.506163	1244
0.506718	1225
0.506726	1229
0.506728	1234
0.506732	1237
0.506878	1248
0.506881	1249
0.506883	1250
0.507381	1243
0.50739	1241
0.507395	1241
0.507402	1240
0.507406	1241
0.507948	1236
0.507961	1236
0.507965	1236
0.50797	1236
0.507972	1237
0.508117	1249
0.508122	1248
0.508126	1247
0.508621	1240
0.508637	1241
0.508644	1242
0.508648	1243
0.508657	1245
0.508663	1246
0.509377	1249
0.509382	1250
0.509384	1251
0.509387	1253
0.509878	1248
0.509895	1249
0.509898	1250
0.509905	1252
0.509911	1253
0.509922	1254
0.51059	1248
0.5106	1244
0.510604	1241
0.510609	1238
0.510613	1237
0.510672	1237
0.510675	1236
0.511845	1239
0.511857	1241
0.511865	1244
0.513483	1241
0.513486	1238
0.513488	1235
0.515604	1246
0.516696	1235
0.517421	1238
0.517441	1160
0.51991	1252
0.520074	1250
0.520079	1249
0.521519	1236
0.521676	1239
0.522735	1234
0.522742	1233
0.522903	1238
0.522909	1237
0.523034	1247
0.524293	1249
0.524676	1153
0.524961	1173
0.525908	1163
0.525912	1172
0.526205	1182
0.526208	1190
0.52633	1249
0.52759	1251
0.528908	1234
0.533071	1248
0.534326	1249
0.534332	1251
0.534362	1136
0.535576	1251
0.535584	1251
0.535587	1251
0.535613	1151
0.535618	1164
0.538825	1250
0.539944	1199
0.540087	1252
0.541169	1202
0.541172	1206
0.542639	1237
0.543887	1239
0.543891	1241
0.544176	1236
0.54421	1207
0.544387	1174
0.54439	1183
0.545133	1241
0.545138	1242
0.545141	1243
0.54544	1240
0.545623	1189
0.545629	1196
0.545633	1201
0.54578	1242
0.545847	1181
0.545928	1237
0.546127	1253
0.547176	1238
0.547181	1240
0.547386	1254
0.547389	1255
0.547743	1151
0.548376	1235
0.548382	1231
0.548384	1227
0.548919	1232
0.548947	1234
0.548977	1161
0.548981	1171
0.549109	1238
0.5493	1248
0.549344	1251
0.549625	1230
0.549631	1232
0.549637	1235
0.550367	1240
0.55037	1243
0.550559	1250
0.550564	1252
0.550606	1253
0.551581	1239
0.551585	1236
0.551588	1234
0.551695	1208
0.551786	1248
0.551792	1246
0.551795	1244
0.552829	1236
0.552837	1237
0.55284	1239
0.552912	1242
0.552952	1215
0.552957	1221
0.554092	1242
0.5541	1245
0.554102	1247
0.554173	1245
0.554215	1226
0.554221	1231
0.554917	1237
0.558384	1235
0.560124	1245
0.561342	1242
0.561346	1239
0.561676	1244
0.562347	1255
0.562357	1213
0.562399	1241
0.563591	1254
0.563596	1254
0.563605	1218
0.563608	1222
0.563644	1242
0.563649	1243
0.564825	1251
0.564834	1249
0.564836	1248
0.564845	1224
0.564848	1226
0.564851	1228
0.564886	1242
0.564894	1243
0.564898	1243
0.565495	1246
0.565562	1209
0.565595	1240
0.566088	1250
0.566097	1252
0.566739	1246
0.566743	1246
0.566809	1214
0.566814	1219
0.566846	1242
0.56685	1243
0.567983	1246
0.567987	1245
0.567993	1246
0.568066	1223
0.568072	1228
0.568074	1232
0.568107	1245
0.568113	1247
0.568115	1250
0.568755	1253
0.569187	1247
0.569992	1251
0.569995	1250
0.570427	1246
0.57043	1246
0.573611	1252
0.573629	1231
0.573631	1234
0.574865	1252
0.574868	1253
0.5761	1251
0.576103	1249
0.576106	1248
0.576348	1240
0.577365	1250
0.57962	1237
0.580615	1254
0.580877	1240
0.580881	1243
0.581852	1253
0.581857	1251
0.58309	1235
0.583111	1252
0.583117	1253
0.58312	1254
0.585204	1183
0.585478	1233
0.586445	1190
0.586448	1197
0.586714	1234
0.586719	1234
0.586746	1246
0.58675	1245
0.587699	1204
0.588202	1245
0.588302	1191
0.588679	1246
0.589435	1244
0.58944	1243
0.589543	1198
0.589547	1204
0.589644	1243
0.589652	1243
0.589941	1248
0.590808	1211
0.590909	1246
0.591378	1236
0.591564	1166
0.591918	1245
0.592398	1251
0.592403	1252
0.592824	1178
0.592827	1189
0.593655	1253
0.593658	1254
0.593663	1254
0.594074	1196
0.59408	1203
0.594082	1210
0.594122	1248
0.594867	1249
0.594872	1244
0.59488	1241
0.59519	1208
0.595317	1214
0.595324	1217
0.595327	1221
0.595369	1248
0.595372	1248
0.596132	1244
0.596442	1214
0.596449	1219
0.59658	1226
0.596633	1250
0.596635	1252
0.596638	1253
0.596874	1255
0.59768	1222
0.597688	1224
0.597691	1226
0.597874	1252
0.597879	1251
0.597883	1250
0.598117	1254
0.59812	1253
0.598213	1244
0.598218	1245
0.598882	1239
0.599377	1253
0.599588	1217
0.599593	1223
0.599694	1248
0.599699	1250
0.600831	1225
0.600837	1228
0.60084	1230
0.600943	1250
0.600949	1250
0.600952	1250
0.604172	1246
0.604364	1238
0.604899	1246
0.605621	1241
0.606143	1246
0.606149	1247
0.606153	1248
0.606392	1240
0.607381	1235
0.607387	1247
0.607394	1247
0.607399	1247
0.607444	1248
0.607645	1242
0.60765	1244
0.608642	1239
0.608646	1242
0.608702	1250
0.608707	1251
0.609356	1241
0.609566	1231
0.609571	1233
0.609884	1242
0.609888	1242
0.609891	1242
0.60995	1251
0.609956	1251
0.609958	1251
0.610553	1236
0.610562	1233
0.610786	1231
0.610792	1230
0.610795	1229
0.611117	1241
0.611124	1240
0.611128	1240
0.611191	1249
0.611197	1248
0.611201	1248
0.611386	1229
0.611566	1230
0.611816	1236
0.611826	1240
0.612048	1233
0.612056	1237
0.612646	1233
0.612651	1237
0.612824	1234
0.612828	1237
0.612873	1251
0.61288	1253
0.613717	1246
0.61386	1234
0.613867	1232
0.613869	1230
0.614047	1236
0.614055	1234
0.614057	1234
0.614103	1250
0.614111	1248
0.614115	1246
0.614671	1251
0.61536	1247
0.615591	1243
0.6168	1240
0.616814	1238
0.61687	1250
0.61788	1245
0.617936	1236
0.617948	1246
0.618054	1240
0.61806	1251
0.618129	1252
0.618133	1253
0.619139	1247
0.619145	1249
0.619377	1252
0.619381	1252
0.619384	1252
0.619841	1239
0.620395	1250
0.620402	1251
0.620405	1252
0.620637	1253
0.620643	1254
0.620648	1255
0.621099	1242
0.621601	1249
0.621896	1256
0.621899	1256
0.621905	1257
0.621912	1258
0.622069	1239
0.622809	1234
0.622815	1235
0.622836	1248
0.622844	1247
0.623142	1256
0.623146	1255
0.623154	1254
0.623157	1254
0.623164	1254
0.62333	1242
0.623334	1245
0.624073	1239
0.624078	1242
0.62408	1245
0.624101	1249
0.624108	1251
0.624109	1253
0.624584	1246
0.62459	1247
0.624594	1249
0.625312	1244
0.625318	1243
0.625322	1243
0.625345	1252
0.625353	1251
0.625356	1250
0.625456	1238
0.625603	1241
0.625606	1243
0.625838	1249
0.625847	1250
0.625853	1251
0.62737	1248
0.628606	1247
0.62861	1246
0.629856	1244
0.629861	1247
0.62987	1248
0.630645	1247
0.630683	1247
0.631102	1247
0.631109	1247
0.631112	1247
0.631854	1242
0.631859	1239
0.631897	1250
0.631902	1244
0.631907	1242
0.632161	1248
0.632344	1246
0.632351	1246
0.632356	1246
0.634056	1244
0.634088	1251
0.635276	1242
0.635281	1239
0.635284	1238
0.635316	1248
0.635323	1246
0.635325	1245
0.635455	1245
0.635574	1250
0.638608	1245
0.638615	1242
0.639009	1051
0.63927	1244
0.640515	1244
0.640521	1245
0.640577	1241
0.64058	1243
0.641752	1244
0.641761	1243
0.641763	1243
0.641821	1243
0.641826	1244
0.641828	1244
0.642553	1243
0.6438	1244
0.643805	1245
0.645044	1245
0.645052	1245
0.645055	1245
0.646529	1077
0.647763	1097
0.647767	1114
0.647926	1239
0.649007	1241
0.649024	1133
0.649029	1149
0.649032	1163
0.649185	1242
0.64919	1245
0.649339	1252
0.65024	1240
0.650243	1239
0.650262	1172
0.650268	1181
0.650273	1188
0.650432	1245
0.650435	1246
0.65044	1246
0.650593	1252
0.650598	1253
0.651855	1254
0.651861	1255
0.651863	1257
0.652363	1243
0.6531	1255
0.653109	1254
0.653114	1254
0.653576	1247
0.653616	1244
0.653621	1246
0.653826	1247
0.654837	1249
0.654878	1248
0.654885	1250
0.655532	1244
0.656215	1250
0.656793	1246
0.658621	1250
0.660096	1249
0.660624	1251
0.661324	1247
0.661329	1245
0.661822	1245
0.661826	1240
0.661835	1247
0.662083	1244
0.662559	1244
0.662566	1243
0.663074	1246
0.663077	1248
0.663087	1243
0.663125	1244
0.663817	1245
0.66382	1247
0.663827	1248
0.664337	1250
0.664341	1252
0.665019	1242
0.665025	1238
0.665035	1234
0.665273	1243
0.665439	1244
0.666098	1249
0.666269	1236
0.666273	1238
0.666279	1240
0.66629	1242
0.66734	1248
0.667345	1248
0.667521	1243
0.667525	1244
0.667534	1245
0.667536	1247
0.667546	1248
0.66857	1246
0.668576	1244
0.66858	1243
0.668766	1247
0.668772	1247
0.668774	1247
0.668783	1248
0.668786	1248
0.668797	1248
0.669833	1245
0.670024	1249
0.670026	1251
0.670032	1252
0.670035	1253
0.670045	1254
0.67005	1255
0.670061	1256
0.670063	1257
0.670615	1242
0.671229	1250
0.671231	1245
0.671238	1240
0.671243	1236
0.671253	1232
0.671258	1229
0.671261	1227
0.671277	1226
0.671281	1225
0.671755	1243
0.671801	1241
0.671807	1240
0.671848	1241
0.67185	1240
0.672478	1228
0.672485	1231
0.672493	1234
0.672499	1236
0.672508	1239
0.67251	1241
0.672515	1243
0.67252	1245
0.672537	1247
0.67254	1248
0.67374	1250
0.673748	1251
0.676096	1252
0.678944	1244
0.680201	1246
0.680207	1248
0.681428	1245
0.681435	1243
0.681439	1242
0.681799	1246
0.682029	1244
0.682252	1247
0.682303	1253
0.682305	1254
0.682686	1244
0.682696	1246
0.683285	1246
0.683508	1248
0.683512	1250
0.683561	1255
0.683566	1255
0.68357	1256
0.684718	1244
0.684721	1240
0.684727	1237
0.68478	1252
0.684792	1248
0.684799	1246
0.685339	1244
0.685449	1243
0.685497	1252
0.685517	1242
0.685562	1243
0.686045	1248
0.686429	1248
0.686437	1250
0.686711	1246
0.686758	1253
0.686761	1255
0.68766	1247
0.687669	1245
0.688	1253
0.688005	1252
0.688008	1251
0.688738	1253
0.68891	1246
0.688915	1247
0.688926	1248
0.689988	1253
0.689993	1253
0.690147	1247
0.690153	1246
0.690166	1245
0.691228	1251
0.69123	1250
0.691236	1249
0.691401	1246
0.691403	1247
0.691408	1248
0.691425	1249
0.692492	1251
0.692659	1250
0.692664	1252
0.69304	1245
0.693091	1246
0.693477	1240
0.693481	1242
0.693551	1250
0.694215	1246
0.694287	1245
0.694292	1246
0.694341	1246
0.694346	1247
0.694732	1244
0.694739	1246
0.694742	1247
0.694905	1251
0.695262	1242
0.695442	1247
0.695462	1247
0.69547	1248
0.695544	1247
0.695549	1249
0.695551	1250
0.695579	1248
0.69614	1247
0.696521	1245
0.696526	1247
0.696698	1248
0.696703	1250
0.696723	1249
0.696726	1251
0.696734	1253
0.696807	1251
0.696813	1253
0.696816	1254
0.696842	1250
0.696845	1252
0.697386	1247
0.697393	1247
0.697495	1250
0.697509	1250
0.697606	1244
0.697618	1233
0.697648	1237
0.69778	1248
0.697786	1250
0.697788	1251
0.697949	1250
0.697955	1250
0.697958	1251
0.697981	1253
0.697984	1254
0.697995	1255
0.698072	1256
0.698644	1249
0.698648	1250
0.698656	1252
0.698901	1240
0.698909	1242
0.699901	1253
0.699906	1253
0.699916	1254
0.700162	1245
0.700171	1247
0.700173	1249
0.700382	1245
0.700799	1247
0.701056	1250
0.701165	1255
0.701639	1247
0.701644	1249
0.702058	1249
0.70206	1250
0.702314	1251
0.702321	1253
0.702894	1250
0.702897	1251
0.702903	1252
0.703308	1250
0.703311	1251
0.703315	1251
0.703513	1249
0.703577	1254
0.703579	1256
0.705017	1250
0.706278	1252
0.710627	1253
0.711864	1254
0.711873	1252
0.711878	1252
0.713127	1255
0.713712	1255
0.714966	1255
0.714972	1255
0.716023	1251
0.716229	1256
0.716237	1257
0.717262	1250
0.717265	1249
0.718525	1251
0.71853	1252
0.718782	1254
0.718946	1250
0.718949	1252
0.720035	1254
0.720041	1254
0.72419	1252
0.724346	1249
0.725435	1251
0.725437	1250
0.725595	1249
0.725599	1249
0.726699	1252
0.726927	1254
0.728166	1252
0.728172	1251
0.728815	1255
0.72882	1256
0.729787	1253
0.729998	1258
0.730074	1257
0.73008	1257
0.730082	1257
0.731027	1252
0.731033	1251
0.731254	1258
0.731259	1258
0.73229	1253
0.732507	1257
0.732514	1257
0.732516	1257
0.733764	1257
0.733774	1257
0.733777	1258
0.734947	1252
0.735025	1258
0.735035	1258
0.735037	1259
0.735041	1259
0.736207	1253
0.736209	1254
0.736285	1259
0.736298	1260
0.736302	1260
0.736722	1253
0.737352	1256
0.737464	1255
0.737469	1255
0.738339	1252
0.738579	1254
0.739602	1253
0.739605	1255
0.740864	1255
0.740868	1256
0.742126	1257
0.742129	1258
0.742132	1259
0.742987	1254
0.74301	1252
0.743386	1259
0.743391	1259
0.744244	1254
0.744248	1255
0.744272	1254
0.745139	1247
0.746246	1256
0.746249	1256
0.747142	1258
0.747151	1257
0.747509	1257
0.747793	1253
0.749051	1254
0.749055	1255
0.749406	1254
0.750305	1254
0.75031	1254
0.750312	1255
0.750667	1254
0.75067	1256
0.751565	1255
0.751569	1256
0.751573	1256
0.75176	1256
0.752636	1245
0.752797	1253
0.752804	1251
0.752807	1249
0.752812	1248
0.752986	1253
0.752993	1250
0.753821	1256
0.753882	1245
0.753886	1246
0.75405	1249
0.75406	1249
0.754068	1251
0.754076	1252
0.754078	1254
0.754251	1252
0.754838	1257
0.755078	1256
0.755083	1257
0.75531	1255
0.755321	1255
0.75533	1256
0.755333	1257
0.75534	1258
0.75606	1253
0.756067	1250
0.756236	1255
0.75624	1253
0.756279	1258
0.756284	1257
0.756327	1256
0.756333	1255
0.756335	1255
0.757321	1251
0.757329	1253
0.757332	1254
0.757487	1252
0.758572	1254
0.758584	1254
0.758588	1254
0.759357	1248
0.75982	1253
0.759835	1253
0.759839	1253
0.759844	1253
0.760504	1252
0.760879	1258
0.761084	1255
0.761737	1250
0.761742	1249
0.762113	1255
0.762118	1253
0.762676	1253
0.763	1250
0.763378	1255
0.763938	1254
0.765092	1252
0.765097	1251
0.766645	1253
0.766874	1250
0.767902	1254
0.767906	1255
0.768592	1256
0.769635	1255
0.769843	1256
0.769847	1256
0.770843	1250
0.770848	1245
0.771276	1254
0.771447	1254
0.772102	1247
0.772106	1248
0.772537	1255
0.772654	1248
0.773207	1253
0.774288	1253
0.774302	1251
0.774392	1251
0.774448	1256
0.774464	1254
0.774469	1255
0.775651	1252
0.775656	1254
0.775704	1256
0.775712	1257
0.776282	1255
0.77638	1251
0.776907	1254
0.776914	1254
0.776916	1255
0.776962	1257
0.776971	1257
0.776974	1258
0.777634	1252
0.777641	1253
0.778611	1256
0.778617	1256
0.778891	1253
0.778894	1254
0.778904	1255
0.778915	1250
0.779826	1251
0.77983	1247
0.779836	1243
0.780119	1252
0.780125	1249
0.780137	1233
0.780141	1248
0.780813	1249
0.78082	1250
0.781437	1253
0.781657	1256
0.782075	1251
0.782081	1252
0.782085	1254
0.782664	1250
0.782667	1248
0.782879	1252
0.782883	1249
0.783296	1250
0.783303	1246
0.783309	1243
0.783779	1254
0.783916	1248
0.783921	1249
0.783924	1250
0.784142	1251
0.784147	1252
0.785033	1255
0.785038	1255
0.785172	1251
0.785178	1251
0.785182	1252
0.785709	1257
0.785711	1257
0.786271	1253
0.786276	1251
0.786279	1250
0.78642	1250
0.786424	1252
0.786431	1252
0.786433	1252
0.786437	1253
0.786971	1258
0.786974	1258
0.786977	1259
0.787631	1235
0.78768	1251
0.787683	1253
0.788226	1259
0.788229	1258
0.788232	1258
0.788536	1242
0.788538	1240
0.788715	1250
0.788851	1234
0.788853	1232
0.788869	1244
0.788911	1250
0.788913	1248
0.788917	1246
0.789268	1251
0.789423	1250
0.789426	1243
0.78943	1238
0.789431	1233
0.78975	1237
0.789753	1234
0.789756	1232
0.789929	1246
0.789934	1243
0.790004	1246
0.790073	1231
0.790078	1230
0.790081	1230
0.790096	1243
0.790101	1241
0.790103	1240
0.790148	1245
0.790151	1244
0.790156	1243
0.790521	1251
0.790526	1252
0.790603	1256
0.790684	1236
0.79069	1240
0.790694	1243
0.79081	1252
0.791187	1245
0.791194	1247
0.791357	1243
0.791365	1246
0.791773	1252
0.791775	1252
0.79178	1252
0.791847	1254
0.791852	1254
0.792018	1244
0.792058	1252
0.79206	1251
0.792809	1252
0.79286	1247
0.792866	1243
0.792995	1248
0.792999	1245
0.793005	1243
0.793072	1250
0.793079	1247
0.793082	1245
0.793245	1242
0.793251	1241
0.793255	1241
0.793294	1250
0.793299	1248
0.794416	1244
0.794507	1243
0.794516	1246
0.795077	1246
0.795084	1247
0.795163	1253
0.795166	1254
0.796231	1244
0.79631	1246
0.79632	1244
0.796381	1250
0.796385	1247
0.79639	1244
0.796394	1242
0.797495	1246
0.797573	1247
0.798037	1252
0.799266	1249
0.79927	1247
0.801842	1238
0.801844	1232
0.801847	1227
0.801967	1238
0.802002	1241
0.802008	1235
0.802394	1242
0.803218	1240
0.80322	1242
0.803253	1237
0.80326	1239
0.803264	1241
0.803797	1234
0.804469	1243
0.804477	1244
0.804499	1242
0.804509	1243
0.804513	1243
0.805019	1233
0.805025	1232
0.805567	1250
0.805604	1229
0.805722	1245
0.805725	1247
0.805734	1248
0.80576	1245
0.805771	1247
0.805774	1249
0.805777	1251
0.806272	1235
0.806278	1237
0.806282	1240
0.806518	1253
0.806569	1245
0.806798	1245
0.80681	1250
0.806813	1249
0.806846	1231
0.806852	1233
0.806855	1235
0.806977	1249
0.806983	1250
0.806992	1251
0.807022	1253
0.807034	1254
0.807037	1255
0.807504	1239
0.807513	1238
0.807519	1238
0.807747	1250
0.807752	1248
0.807806	1244
0.80781	1243
0.807965	1243
0.807967	1244
0.808	1248
0.808004	1248
0.808049	1246
0.808056	1247
0.808069	1250
0.808072	1252
0.808075	1253
0.80811	1239
0.808764	1240
0.808776	1243
0.808948	1255
0.809003	1249
0.809009	1250
0.809012	1251
0.809031	1197
0.809227	1246
0.80923	1248
0.809233	1251
0.809262	1250
0.809267	1251
0.809269	1253
0.80968	1233
0.80994	1243
0.810179	1253
0.810182	1250
0.810241	1250
0.810249	1248
0.810252	1247
0.810268	1203
0.810276	1208
0.810279	1213
0.810465	1249
0.81047	1248
0.810473	1247
0.810501	1251
0.810508	1250
0.810513	1249
0.810907	1232
0.810911	1232
0.811171	1242
0.811177	1241
0.811435	1251
0.81144	1252
0.811442	1253
0.811505	1249
0.812433	1244
0.81244	1246
0.812442	1249
0.812687	1253
0.812693	1253
0.812698	1253
0.813677	1248
0.813685	1248
0.813689	1247
0.813925	1251
0.813934	1250
0.813936	1249
0.813942	1248
0.816792	1244
0.816797	1242
0.816855	1237
0.816857	1236
0.81686	1235
0.817499	1244
0.818057	1245
0.818762	1246
0.818765	1249
0.819915	1245
0.820021	1250
0.820026	1251
0.820064	1249
0.821166	1246
0.82117	1247
0.821283	1252
0.821285	1254
0.821976	1250
0.821982	1250
0.824427	1252
0.825445	1247
0.825492	1250
0.825557	1247
0.825906	1236
0.82654	1244
0.826545	1245
0.826682	1246
0.826686	1246
0.826733	1249
0.826736	1248
0.8268	1247
0.826805	1247
0.827146	1236
0.827149	1237
0.827559	1249
0.827799	1246
0.827807	1248
0.827809	1250
0.828051	1247
0.828057	1248
0.82806	1249
0.829063	1252
0.829299	1248
0.829307	1249
0.82931	1249
0.8299	1245
0.829905	1243
0.83052	1245
0.83053	1242
0.830532	1240
0.830535	1238
0.830695	1247
0.830701	1245
0.83077	1252
0.830776	1251
0.831959	1247
0.832032	1252
0.832038	1253
0.832041	1254
0.833251	1250
0.833258	1246
0.833262	1243
0.833994	1249
0.834002	1218
0.835247	1250
0.835253	1251
0.835256	1222
0.83526	1227
0.836491	1250
0.836498	1249
0.8365	1249
0.836504	1229
0.836509	1232
0.836511	1234
0.838655	1244
0.838659	1246
0.839897	1245
0.839902	1245
0.839904	1245
0.841697	1247
0.84293	1246
0.842935	1245
0.843068	1252
0.844193	1247
0.844198	1249
0.8442	1251
0.845431	1249
0.845437	1248
0.845441	1247
0.846303	1254
0.846686	1248
0.846693	1249
0.846697	1250
0.8467	1251
0.847453	1249
0.847562	1255
0.847565	1256
0.847951	1253
0.84868	1246
0.848686	1245
0.848793	1253
0.848797	1250
0.848799	1248
0.849446	1247
0.855041	1243
0.85614	1245
0.856294	1245
0.856297	1246
0.856445	1251
0.856812	1254
0.856925	1254
0.857392	1246
0.857396	1247
0.857506	1249
0.85751	1250
0.857548	1247
0.857552	1248
0.857556	1250
0.857707	1253
0.858057	1253
0.858062	1253
0.858158	1251
0.858163	1250
0.858631	1246
0.858634	1246
0.858637	1245
0.858749	1249
0.858754	1248
0.858756	1248
0.858794	1249
0.8588	1249
0.858806	1249
0.859307	1254
0.859415	1251
0.859422	1252
0.859426	1253
0.85989	1247
0.859895	1247
0.859898	1249
0.860058	1251
0.860549	1253
0.860555	1252
0.860662	1252
0.86067	1252
0.860675	1251
0.861118	1245
0.861123	1243
0.861585	1252
0.861806	1253
0.86181	1254
0.861816	1255
0.86307	1256
0.863074	1257
0.86308	1258
0.864312	1256
0.864315	1254
0.864318	1253
0.864327	1252
0.864503	1244
0.865199	1253
0.865577	1254
0.866463	1255
0.866818	1253
0.866821	1253
0.867466	1243
0.867473	1239
0.868042	1249
0.868047	1246
0.868049	1244
0.868707	1239
0.868717	1240
0.868721	1241
0.869264	1241
0.869417	1253
0.869844	1244
0.86985	1245
0.869963	1242
0.869972	1244
0.869977	1245
0.870502	1241
0.870507	1242
0.870644	1250
0.870649	1248
0.870651	1246
0.871067	1243
0.871075	1240
0.871077	1239
0.871188	1243
0.871198	1241
0.871201	1239
0.871206	1238
0.87172	1247
0.871743	1241
0.87175	1241
0.871754	1242
0.8719	1247
0.871906	1248
0.871911	1250
0.872448	1240
0.872458	1243
0.87273	1250
0.872971	1248
0.872975	1249
0.873	1244
0.87301	1246
0.873015	1248
0.873159	1251
0.873166	1252
0.873168	1253
0.873173	1254
0.873961	1248
0.873963	1246
0.874201	1246
0.874207	1245
0.874211	1243
0.874236	1246
0.874247	1245
0.87425	1244
0.874257	1244
0.874343	1253
0.874346	1252
0.874413	1254
0.874421	1254
0.874425	1254
0.874428	1254
0.874432	1255
0.875139	1237
0.875142	1240
0.875214	1256
0.875218	1257
0.876395	1242
0.876399	1244
0.876402	1246
0.876469	1256
0.876472	1256
0.876475	1257
0.877433	1242
0.877449	1241
0.877638	1245
0.877644	1245
0.877647	1245
0.877716	1255
0.877722	1255
0.877728	1254
0.878782	1252
0.878971	1254
0.878974	1255
0.88001	1249
0.880014	1247
0.882948	1240
0.882952	1238
0.883003	1242
0.883004	1240
0.8832	1253
0.884209	1241
0.884214	1243
0.884216	1246
0.886229	1243
0.886233	1245
0.886235	1246
0.886433	1247
0.887477	1246
0.887481	1247
0.887485	1248
0.88749	1248
0.887493	1249
0.887526	1248
0.889457	1248
0.893051	1245
0.894308	1247
0.894312	1248
0.894331	1239
0.895023	1247
0.895169	1246
0.895172	1245
0.89555	1248
0.895555	1247
0.895576	1240
0.895579	1240
0.895628	1252
0.895633	1252
0.896283	1248
0.896288	1250
0.896814	1249
0.897522	1249
0.897529	1248
0.897533	1248
0.898767	1247
0.898777	1247
0.898782	1247
0.900228	1248
0.900268	1256
0.900332	1253
0.901474	1248
0.901479	1249
0.90152	1256
0.901522	1255
0.901592	1254
0.901595	1255
0.902722	1248
0.902728	1248
0.902729	1249
0.90277	1255
0.902774	1254
0.902776	1254
0.902848	1255
0.902852	1255
0.902994	1248
0.902997	1250
0.903017	1243
0.903908	1246
0.903914	1248
0.903983	1250
0.903991	1252
0.903994	1253
0.904477	1253
0.905162	1248
0.905171	1249
0.905173	1250
0.905244	1254
0.905253	1255
0.905256	1256
0.905258	1257
0.905705	1250
0.905709	1248
0.906423	1252
0.906431	1253
0.906436	1254
0.907324	1241
0.907501	1251
0.908549	1240
0.908551	1251
0.908554	1238
0.909319	1240
0.909798	1251
0.909804	1240
0.909808	1252
0.910577	1243
0.911052	1252
0.911062	1252
0.911065	1253
0.911253	1252
0.912285	1250
0.912298	1248
0.912304	1247
0.912485	1251
0.912499	1250
0.91355	1249
0.914022	1257
0.914024	1258
0.914887	1247
0.915264	1256
0.915269	1255
0.915273	1255
0.915277	1254
0.918228	1236
0.918537	1240
0.91854	1240
0.91933	1253
0.92058	1253
0.921197	1243
0.921204	1237
0.921424	1248
0.921794	1248
0.921801	1244
0.921805	1241
0.922331	1245
0.922434	1237
0.922444	1238
0.922447	1238
0.923583	1246
0.923591	1248
0.923686	1240
0.923699	1242
0.923703	1243
0.924811	1246
0.924822	1244
0.924824	1242
0.924923	1243
0.924936	1242
0.924939	1241
0.924945	1241
0.925614	1249
0.925618	1250
0.925647	1250
0.92676	1245
0.926877	1252
0.926882	1253
0.927971	1247
0.927986	1243
0.92799	1242
0.928077	1242
0.928888	1249
0.930126	1248
0.930132	1247
0.931352	1245
0.931365	1243
0.931368	1242
0.931635	1252
0.932887	1253
0.932891	1253
0.933527	1243
0.933532	1243
0.933686	1243
0.933688	1244
0.934146	1254
0.934148	1255
0.934152	1255
0.934936	1246
0.93494	1247
0.934945	1249
0.934949	1250
0.935305	1256
0.935403	1255
0.935404	1255
0.935406	1255
0.93565	1253
0.935654	1254
0.93616	1247
0.936163	1244
0.936168	1242
0.936174	1240
0.936177	1239
0.93618	1238
0.936427	1252
0.936465	1253
0.936544	1254
0.936549	1253
0.936655	1255
0.936657	1254
0.936659	1254
0.936662	1255
0.936899	1253
0.936901	1253
0.936907	1253
0.938146	1246
0.938207	1239
0.938483	1251
0.939387	1245
0.939389	1245
0.939448	1239
0.939452	1240
0.939733	1251
0.939738	1252
0.940712	1243
0.940989	1252
0.940995	1253
0.940997	1253
0.942211	1250
0.942219	1246
0.942222	1243
0.942283	1241
0.942287	1240
0.943132	1251
0.943469	1245
0.944392	1253
0.944395	1254
0.945195	1249
0.945198	1245
0.945631	1252
0.945635	1251
0.945639	1250
0.946358	1244
0.947618	1246
0.947622	1248
0.948504	1242
0.949764	1245
0.949768	1247
0.951011	1247
0.951017	1247
0.951021	1248
0.951664	1252
0.951724	1246
0.952268	1249
0.952277	1250
0.952278	1251
0.952982	1248
0.953532	1253
0.953541	1254
0.956373	1250
0.956383	1251
0.95759	1247
0.957602	1243
0.957604	1240
0.958075	1248
0.959335	1250
0.963068	1252
0.964315	1252
0.964321	1252
0.965156	1247
0.965646	1247
0.966376	1244
0.966382	1242
0.96728	1239
0.967622	1242
0.967631	1243
0.967634	1244
0.970667	1252
0.971622	1253
0.971674	1249
0.971714	1244
0.971921	1252
0.971926	1253
0.972602	1241
0.972877	1253
0.97288	1254
0.972933	1251
0.972937	1252
0.973098	1253
0.973856	1243
0.973862	1245
0.974115	1252
0.974121	1250
0.974123	1249
0.974174	1251
0.974179	1250
0.974181	1249
0.974776	1238
0.975097	1245
0.975099	1244
0.975105	1244
0.975358	1248
0.975366	1248
0.975371	1248
0.975426	1249
0.975431	1250
0.975437	1250
0.976031	1241
0.976358	1246
0.976363	1248
0.976619	1249
0.976631	1251
0.978029	1239
0.97806	1238
0.980084	1249
0.980092	1249
0.980195	1253
0.981266	1248
0.981338	1250
0.981347	1250
0.981452	1254
0.981457	1255
0.982227	1240
0.98223	1240
0.982502	1247
0.982506	1246
0.982581	1249
0.982583	1249
0.982594	1248
0.982653	1245
0.982707	1255
0.98271	1255
0.982715	1255
0.983145	1247
0.983472	1241
0.983477	1242
0.98348	1243
0.983761	1247
0.983764	1249
0.983769	1251
0.983844	1250
0.983847	1252
0.984634	1246
0.984727	1244
0.984733	1246
0.984737	1247
0.984769	1255
0.985013	1251
0.985021	1252
0.985027	1252
0.985511	1236
0.98584	1241
0.985845	1238
0.985952	1244
0.985959	1242
0.985962	1240
0.985964	1238
0.985997	1252
0.986001	1249
0.986259	1251
0.986261	1251
0.986268	1250
0.986275	1250
0.986772	1240
0.987105	1241
0.990106	1243
0.990312	1249
0.990564	1253
0.990623	1248
0.991428	1256
0.991434	1257
0.991824	1254
0.991828	1255
0.991878	1249
0.991882	1250
0.992657	1253
0.992664	1250
0.992667	1248
0.993031	1249
0.993036	1244
0.99304	1240
0.993091	1245
0.993098	1242
0.993102	1239
0.99365	1239
0.993843	1252
0.993914	1249
0.993923	1250
0.993926	1251
0.994753	1251
0.995175	1252
0.995183	1253
0.995186	1255
0.995188	1255
0.99556	1238
0.995807	1239
0.99581	1236
0.996394	1251
0.996405	1247
0.996408	1244
0.996412	1241
0.996414	1239
0.9968	1239
0.996804	1239
0.997051	1237
0.997056	1238
0.99706	1240
0.998301	1241
0.998306	1242
0.99831	1243
0.999534	1242
0.99954	1240
0.999542	1240
0.999546	1239
1.00116	1241
1.00125	1251
1.00235	1236
1.00236	1231
1.00246	1246
1.00246	1241
1.00372	1244
1.00551	1234
1.00551	1230
1.00665	1240
1.00672	1242
1.00676	1232
1.00676	1235
1.00677	1238
1.00679	1242
1.0079	1242
1.00791	1245
1.00798	1244
1.00798	1246
1.00805	1244
1.00806	1247
1.00915	1244
1.00915	1244
1.00915	1244
1.00923	1247
1.00923	1247
1.00923	1248
1.0093	1247
1.00931	1247
1.00931	1248
1.00992	1246
1.01003	1245
1.01111	1235
1.01111	1238
1.01118	1248
1.01119	1250
1.01234	1238
1.01235	1238
1.01235	1238
1.01243	1249
1.01243	1249
1.01244	1249
1.01361	1241
1.01418	1252
1.01542	1250
1.01543	1249
1.01543	1248
1.01544	1244
1.01564	1244
1.01566	1254
1.01987	1244
1.0211	1244
1.02111	1243
1.02237	1246
1.02384	1239
1.02417	1245
1.02543	1248
1.0272	1238
1.0275	1246
1.02846	1242
1.03025	1249
1.03054	1240
1.03179	1242
1.0318	1244
1.03293	1242
1.03297	1245
1.03303	1242
1.03303	1241
1.03303	1241
1.03306	1247
1.03317	1253
1.03443	1254
1.03502	1248
1.03626	1247
1.03626	1246
1.03668	1249
1.03735	1248
1.03759	1254
1.03793	1251
1.03794	1252
1.03859	1246
1.03859	1245
1.03881	1249
1.03881	1245
1.03917	1250
1.03917	1249
1.03918	1248
1.03985	1247
1.03985	1249
1.03986	1251
1.04109	1250
1.0411	1250
1.04111	1250
1.04234	1250
1.04236	1250
1.04236	1251
1.04236	1251
1.04345	1244
1.0436	1252
1.04361	1253
1.04362	1253
1.04362	1254
1.04363	1255
1.04367	1251
1.04469	1244
1.0447	1244
1.04486	1255
1.04487	1256
1.04488	1256
1.04488	1257
1.04489	1258
1.04596	1246
1.04596	1248
1.04677	1240
1.0468	1246
1.04694	1253
1.04806	1248
1.04806	1250
1.0493	1249
1.0493	1247
1.04931	1247
1.05056	1248
1.05136	1242
1.05257	1238
1.05258	1236
1.054	1250
1.0542	1249
1.05421	1250
1.05547	1252
1.05619	1258
1.05619	1259
1.05669	1244
1.05722	1250
1.05744	1252
1.05794	1246
1.05795	1248
1.05871	1254
1.05921	1250
1.05921	1251
1.05922	1253
1.06004	1247
1.0613	1249
1.06131	1251
1.06254	1249
1.06255	1248
1.06255	1248
1.06257	1243
1.06423	1254
1.06474	1250
1.06565	1243
1.06598	1249
1.06598	1249
1.0662	1254
1.06676	1240
1.06689	1242
1.06689	1242
1.06724	1250
1.06724	1251
1.06725	1253
1.06747	1255
1.068	1241
1.06801	1241
1.06814	1243
1.06814	1244
1.06815	1245
1.06847	1250
1.06848	1249
1.06849	1247
1.06925	1242
1.06926	1244
1.06926	1245
1.06939	1247
1.0694	1248
1.06941	1249
1.07065	1251
1.07066	1252
1.07067	1254
1.07067	1255
1.07071	1255
1.07072	1256
1.07116	1254
1.07127	1242
1.07127	1236
1.07145	1243
1.07185	1248
1.07186	1242
1.07187	1236
1.07187	1231
1.07187	1227
1.07191	1248
1.07191	1242
1.07192	1237
1.07221	1247
1.07238	1251
1.07239	1248
1.07239	1246
1.0725	1236
1.07251	1236
1.07251	1237
1.07269	1243
1.07269	1243
1.07288	1253
1.07317	1240
1.07318	1243
1.07318	1245
1.07365	1249
1.07385	1239
1.07394	1244
1.07394	1245
1.07395	1246
1.07413	1254
1.07414	1254
1.07442	1246
1.07443	1247
1.07443	1247
1.07443	1248
1.07505	1234
1.07506	1231
1.07515	1241
1.07515	1237
1.07516	1234
1.07535	1249
1.07536	1245
1.07536	1243
1.07547	1243
1.07558	1247
1.07566	1246
1.07567	1245
1.07567	1245
1.07567	1244
1.07568	1244
1.07692	1246
1.07722	1248
1.07845	1247
1.07846	1245
1.07846	1245
1.07969	1247
1.0797	1244
1.0797	1244
1.07971	1244
1.07987	1248
1.08093	1246
1.08093	1245
1.08094	1244
1.08094	1244
1.08095	1244
1.08095	1244
1.08112	1248
1.08112	1249
1.08127	1239
1.08127	1242
1.08171	1248
1.08173	1254
1.08219	1246
1.08219	1248
1.08219	1250
1.0822	1245
1.0822	1247
1.08221	1249
1.08221	1251
1.08237	1249
1.08237	1249
1.08238	1249
1.08292	1244
1.08295	1247
1.08295	1247
1.08297	1244
1.08298	1254
1.08299	1253
1.08309	1248
1.08344	1250
1.08345	1251
1.08345	1252
1.08362	1250
1.08363	1250
1.08363	1251
1.08418	1246
1.08418	1248
1.08421	1249
1.08435	1250
1.08436	1251
1.08486	1250
1.08487	1249
1.08487	1249
1.08488	1249
1.08543	1248
1.08544	1249
1.08544	1250
1.08561	1252
1.08561	1252
1.08562	1253
1.08608	1245
1.08609	1242
1.0861	1240
1.08611	1238
1.08611	1237
1.08667	1249
1.08669	1249
1.08669	1249
1.08685	1251
1.08685	1249
1.08686	1248
1.08734	1240
1.08735	1242
1.08736	1244
1.0881	1249
1.08811	1251
1.08811	1252
1.08812	1253
1.08882	1244
1.08933	1250
1.08934	1248
1.08935	1246
1.08936	1244
1.08936	1244
1.09003	1243
1.09004	1245
1.09058	1244
1.09059	1245
1.0906	1246
1.0906	1247
1.09061	1248
1.09062	1249
1.09111	1247
1.09128	1245
1.09128	1246
1.09129	1247
1.0918	1246
1.09182	1244
1.09182	1242
1.09183	1241
1.09184	1240
1.09185	1239
1.09185	1239
1.09251	1245
1.09252	1244
1.09253	1243
1.09307	1242
1.09318	1248
1.09573	1240
1.09631	1242
1.09668	1240
1.0967	1249
1.09696	1238
1.09696	1237
1.09757	1245
1.09757	1247
1.09809	1231
1.09845	1253
1.09846	1255
1.09846	1252
1.09847	1254
1.09884	1249
1.09884	1251
1.09884	1253
1.09885	1235
1.09966	1248
1.09966	1243
1.09966	1239
1.09967	1248
1.09967	1243
1.09967	1239
1.10006	1249
1.10006	1245
1.10006	1243
1.10007	1234
1.10008	1233
1.10016	1234
1.10028	1252
1.10065	1250
1.10132	1245
1.10132	1247
1.1017	1251
1.1017	1252
1.1019	1250
1.10191	1251
1.10293	1249
1.10293	1246
1.10293	1244
1.10295	1247
1.10296	1245
1.10303	1241
1.10304	1241
1.10304	1241
1.10304	1241
1.10304	1241
1.10315	1251
1.10316	1251
1.10316	1251
1.10422	1247
1.10422	1249
1.10621	1253
1.10621	1251
1.10656	1241
1.10733	1246
1.10733	1246
1.10746	1251
1.10746	1251
1.10782	1244
1.10783	1246
1.10839	1241
1.10839	1244
1.10841	1242
1.10859	1248
1.10859	1250
1.10872	1252
1.10872	1253
1.10873	1255
1.10884	1235
1.10884	1237
1.10907	1246
1.10908	1246
1.10908	1247
1.10962	1242
1.10963	1241
1.10963	1240
1.10996	1252
1.10996	1250
1.10996	1249
1.10997	1248
1.11009	1238
1.11009	1240
1.11009	1242
1.11032	1248
1.11033	1249
1.11034	1250
1.11122	1250
1.11122	1252
1.11158	1252
1.11159	1253
1.1116	1254
1.11161	1255
1.1119	1252
1.11191	1252
1.11231	1247
1.11256	1246
1.11282	1253
1.11283	1251
1.11284	1249
1.11285	1248
1.11285	1248
1.11314	1250
1.11314	1248
1.11315	1247
1.11354	1247
1.11356	1247
1.11381	1247
1.11381	1247
1.11389	1237
1.1144	1249
1.11441	1250
1.11441	1252
1.1148	1249
1.11482	1250
1.11482	1252
1.11506	1247
1.11507	1248
1.11514	1239
1.11515	1241
1.11565	1252
1.11566	1252
1.11566	1253
1.11567	1254
1.11606	1252
1.11608	1253
1.11608	1253
1.1163	1245
1.11631	1248
1.11631	1248
1.11632	1248
1.1164	1243
1.1164	1245
1.11641	1247
1.11682	1236
1.11698	1240
1.11754	1244
1.11755	1245
1.11756	1248
1.11756	1248
1.11757	1249
1.11765	1248
1.11766	1249
1.11766	1250
1.11808	1238
1.11808	1240
1.11821	1238
1.11821	1237
1.11878	1243
1.11878	1242
1.11879	1247
1.11879	1245
1.1188	1244
1.11881	1243
1.11884	1241
1.11884	1241
1.1189	1249
1.1189	1248
1.11891	1248
1.11891	1248
1.11933	1242
1.11933	1243
1.11934	1244
1.11945	1238
1.11946	1240
1.12004	1245
1.12059	1247
1.1206	1249
1.12072	1242
1.12072	1245
1.12285	1240
1.12287	1248
1.12288	1244
1.12409	1241
1.1241	1243
1.12412	1249
1.12412	1249
1.12414	1246
1.12414	1247
1.12479	1248
1.12533	1242
1.12534	1242
1.12534	1242
1.12536	1248
1.12536	1247
1.12537	1247
1.12538	1247
1.12539	1247
1.12539	1248
1.12556	1243
1.12556	1245
1.12603	1248
1.12604	1249
1.12604	1250
1.1266	1245
1.12729	1251
1.1273	1251
1.1273	1252
1.12947	1246
1.12948	1246
1.12964	1243
1.13062	1251
1.1307	1244
1.13071	1243
1.13071	1242
1.13089	1244
1.13089	1245
1.13197	1244
1.13215	1247
1.13375	1245
1.13381	1245
1.13393	1249
1.13501	1247
1.13502	1249
1.13517	1249
1.13518	1249
1.13518	1249
1.13697	1247
1.13939	1251
1.1394	1251
1.14063	1249
1.14064	1248
1.14064	1247
1.14171	1250
1.14229	1252
1.1423	1251
1.14257	1241
1.14293	1247
1.14294	1244
1.14322	1244
1.14353	1250
1.14354	1250
1.14355	1250
1.14382	1242
1.14383	1244
1.14479	1251
1.1448	1252
1.14481	1253
1.14508	1246
1.14509	1248
1.14509	1250
1.14603	1251
1.14604	1249
1.14604	1248
1.14605	1247
1.14633	1249
1.14634	1249
1.14634	1249
1.14759	1251
1.1476	1253
1.14919	1242
1.14962	1242
1.15088	1244
1.15088	1246
1.15091	1249
1.15209	1242
1.15209	1238
1.15213	1246
1.15213	1243
1.15335	1240
1.15335	1242
1.15335	1244
1.15339	1244
1.15339	1246
1.1534	1248
1.1546	1245
1.1546	1247
1.15461	1248
1.15465	1250
1.15465	1251
1.15465	1251
1.1548	1248
1.1548	1250
1.15583	1246
1.15583	1244
1.15584	1243
1.15585	1242
1.15589	1250
1.15589	1249
1.15589	1248
1.1559	1247
1.15604	1249
1.15605	1249
1.15605	1249
1.15605	1250
1.15653	1247
1.15653	1247
1.15655	1245
1.15669	1244
1.15779	1249
1.15779	1250
1.15779	1251
1.1578	1247
1.15781	1249
1.15795	1246
1.15904	1251
1.15904	1251
1.15904	1251
1.15906	1250
1.15906	1250
1.15907	1251
1.16001	1247
1.16002	1251
1.16125	1247
1.16126	1248
1.16128	1252
1.16128	1252
1.16243	1251
1.1625	1248
1.16251	1248
1.16251	1248
1.16252	1252
1.16253	1251
1.16253	1251
1.16257	1244
1.16272	1251
1.16368	1252
1.16456	1243
1.16456	1243
1.16463	1247
1.16463	1247
1.16481	1250
1.16545	1246
1.16581	1245
1.16581	1246
1.16582	1247
1.16582	1249
1.16588	1249
1.16588	1250
1.16589	1252
1.16589	1253
1.16671	1248
1.16672	1250
1.16707	1250
1.16792	1245
1.16793	1241
1.16793	1239
1.16821	1242
1.16896	1251
1.16896	1252
1.16908	1249
1.17022	1253
1.17023	1254
1.17119	1250
1.17125	1246
1.17125	1244
1.17127	1249
1.17128	1247
1.17355	1250
1.17355	1251
1.17395	1252
1.17404	1249
1.17408	1250
1.17466	1254
1.17535	1252
1.17591	1255
1.17592	1257
1.17635	1242
1.17657	1247
1.17756	1243
1.17758	1241
1.17758	1241
1.17782	1247
1.17783	1248
1.17881	1244
1.17882	1245
1.17908	1249
1.17909	1251
1.18004	1244
1.18005	1243
1.18005	1241
1.18176	1247
1.18199	1245
1.18299	1246
1.183	1245
1.18324	1246
1.18324	1246
1.1845	1248
1.1845	1250
1.1845	1252
1.18503	1249
1.18575	1251
1.18575	1252
1.18576	1252
1.18701	1253
1.18702	1254
1.18702	1256
1.18703	1257
1.18769	1250
1.18827	1257
1.18895	1251
1.18895	1253
1.1902	1253
1.19021	1254
1.19022	1255
1.19146	1254
1.19146	1254
1.19147	1254
1.19177	1248
1.19254	1248
1.19269	1251
1.1927	1249
1.1927	1248
1.19271	1247
1.19285	1252
1.19379	1249
1.1938	1250
1.19395	1249
1.19483	1252
1.19497	1243
1.19504	1250
1.19505	1250
1.19505	1250
1.1963	1252
1.19636	1244
1.19636	1246
1.19643	1250
1.1965	1251
1.19703	1255
1.19703	1254
1.19757	1242
1.19757	1238
1.19758	1235
1.19765	1247
1.19766	1244
1.19769	1247
1.19772	1245
1.19773	1243
1.19778	1247
1.19783	1246
1.19826	1252
1.19827	1251
1.19827	1250
1.19827	1249
1.19868	1250
1.19895	1244
1.19895	1246
1.19908	1247
1.19908	1248
1.19927	1249
1.19935	1251
1.19953	1251
1.19953	1253
1.19994	1251
1.19994	1253
1.20034	1249
1.20034	1251
1.20034	1252
1.20037	1253
1.20037	1254
1.20118	1251
1.20118	1249
1.20159	1252
1.20159	1252
1.2016	1252
1.20162	1253
1.20162	1254
1.20163	1254
1.20163	1255
1.20232	1252
1.20252	1253
1.20356	1251
1.20357	1250
1.20377	1252
1.20377	1252
1.20481	1250
1.20482	1251
1.20482	1251
1.20503	1253
1.20607	1252
1.20608	1254
1.20609	1255
1.20729	1250
1.2073	1245
1.2073	1242
1.2073	1239
1.20825	1252
1.20854	1241
1.20909	1253
1.2095	1254
1.20951	1254
1.20951	1255
1.21035	1253
1.21035	1254
1.21075	1254
1.21075	1253
1.21076	1253
1.21097	1257
1.21143	1246
1.21201	1254
1.21202	1255
1.21202	1256
1.21223	1257
1.21224	1257
1.21267	1246
1.21268	1245
1.21349	1257
1.21349	1257
1.2135	1258
1.21393	1247
1.21394	1249
1.21475	1258
1.21475	1258
1.21476	1258
1.216	1258
1.216	1258
1.21601	1258
1.21602	1258
1.21686	1252
1.21726	1258
1.21726	1258
1.2178	1248
1.21787	1255
1.21794	1241
1.21906	1249
1.21906	1249
1.21912	1254
1.21913	1254
1.21919	1242
1.21919	1243
1.22032	1251
1.22039	1255
1.22045	1246
1.22046	1248
1.22146	1247
1.22147	1248
1.22204	1256
1.22234	1243
1.22271	1251
1.22272	1252
1.22329	1257
1.2233	1257
1.22359	1245
1.2236	1247
1.22395	1251
1.22395	1250
1.22396	1249
1.22452	1253
1.22452	1250
1.22453	1247
1.22483	1245
1.22483	1244
1.22484	1243
1.22508	1242
1.2252	1248
1.22521	1249
1.22521	1249
1.22536	1254
1.22537	1256
1.22578	1249
1.22609	1245
1.22609	1247
1.2261	1249
1.22734	1250
1.22734	1251
1.22735	1252
1.22736	1253
1.22861	1254
1.22861	1255
1.22918	1256
1.22918	1256
1.22931	1251
1.23057	1253
1.23057	1254
1.23121	1246
1.23183	1255
1.23183	1255
1.23187	1249
1.23856	1250
1.23856	1245
1.23857	1241
1.23867	1242
1.23883	1250
1.23906	1250
1.23906	1250
1.23933	1249
1.24032	1251
1.24055	1256
1.24055	1256
1.24059	1251
1.2406	1252
1.24177	1252
1.24178	1249
1.24178	1247
1.24182	1249
1.24182	1246
1.24183	1244
1.24208	1250
1.24352	1259
1.24506	1254
1.24617	1243
1.24629	1251
1.2463	1250
1.24634	1249
1.24635	1243
1.24728	1237
1.24729	1234
1.24738	1246
1.24739	1240
1.24739	1238
1.24752	1247
1.24753	1245
1.24753	1243
1.24756	1247
1.24757	1246
1.24758	1236
1.24759	1243
1.24759	1242
1.24882	1248
1.24883	1249
1.24883	1251
1.24884	1239
1.24958	1250
1.25004	1247
1.25005	1243
1.25005	1240
1.25078	1246
1.2508	1247
1.25081	1244
1.251	1256
1.2513	1242
1.25131	1244
1.25131	1246
1.25131	1248
1.25203	1247
1.25206	1246
1.25207	1248
1.25255	1249
1.25257	1250
1.25257	1251
1.25257	1252
1.25258	1253
1.25378	1250
1.2538	1247
1.2538	1245
1.2538	1244
1.25381	1243
1.25381	1242
1.25505	1245
1.25518	1251
1.25576	1248
1.25639	1246
1.25639	1242
1.25697	1244
1.25698	1241
1.25764	1243
1.25764	1244
1.25764	1245
1.2589	1247
1.2589	1248
1.25891	1250
1.26013	1247
1.26013	1245
1.26014	1244
1.26014	1242
1.2606	1252
1.26065	1253
1.26229	1237
1.26348	1232
1.26349	1228
1.26414	1244
1.26466	1255
1.26473	1230
1.26474	1232
1.26474	1235
1.26539	1245
1.2654	1246
1.26592	1255
1.26592	1256
1.26599	1238
1.266	1241
1.26661	1243
1.26662	1240
1.26662	1238
1.26711	1248
1.26712	1241
1.26712	1236
1.26726	1239
1.26729	1233
1.26744	1239
1.26745	1235
1.26746	1232
1.26747	1238
1.26747	1235
1.26775	1247
1.26777	1250
1.26779	1252
1.26784	1237
1.26785	1236
1.26785	1236
1.26798	1244
1.26804	1250
1.26808	1251
1.26836	1237
1.26837	1239
1.26837	1240
1.26851	1240
1.26852	1242
1.26855	1236
1.26856	1240
1.26869	1241
1.26872	1236
1.26905	1254
1.26906	1255
1.26924	1247
1.26924	1249
1.2693	1252
1.2693	1253
1.26962	1243
1.26963	1245
1.26963	1248
1.26964	1250
1.26971	1244
1.26972	1246
1.27028	1251
1.27028	1248
1.27029	1245
1.27046	1246
1.27047	1243
1.27047	1241
1.27053	1250
1.27053	1248
1.27054	1246
1.27087	1249
1.27088	1248
1.27088	1248
1.27089	1248
1.27089	1248
1.27096	1246
1.27097	1246
1.27154	1247
1.27154	1249
1.27155	1251
1.27213	1250
1.27214	1252
1.27222	1248
1.27222	1250
1.27279	1251
1.2728	1251
1.2728	1252
1.27281	1252
1.27404	1252
1.27405	1252
1.27406	1253
1.27406	1253
1.27407	1254
1.27537	1239
1.27592	1245
1.27618	1232
1.27618	1229
1.27658	1235
1.27658	1231
1.27714	1244
1.27715	1242
1.27742	1230
1.27743	1232
1.27743	1234
1.27784	1235
1.27868	1237
1.27869	1239
1.27869	1242
1.27989	1237
1.2799	1234
1.2799	1232
1.27991	1229
1.28057	1244
1.28058	1243
1.28096	1244
1.28415	1244
1.2854	1245
1.2854	1246
1.28656	1233
1.28656	1232
1.28662	1243
1.28663	1241
1.28663	1240
1.28727	1241
1.28727	1242
1.28736	1244
1.28789	1243
1.28847	1245
1.28853	1244
1.28853	1246
1.28854	1247
1.28861	1246
1.28862	1248
1.28936	1238
1.28971	1244
1.28971	1244
1.28976	1246
1.28977	1245
1.28978	1245
1.28986	1247
1.28987	1247
1.28987	1248
1.29044	1248
1.29168	1248
1.29168	1247
1.29293	1248
1.29294	1249
1.29294	1250
1.29394	1248
1.29396	1251
1.29434	1246
1.29484	1230
1.29516	1245
1.29517	1243
1.29518	1248
1.29519	1247
1.29558	1244
1.29558	1244
1.29684	1246
1.29685	1248
1.29712	1245
1.2975	1245
1.2975	1245
1.29836	1244
1.29836	1243
1.29839	1250
1.29856	1246
1.29876	1247
1.29876	1249
1.29877	1251
1.29962	1245
1.29962	1247
1.29962	1249
1.29965	1252
1.30002	1252
1.30002	1252
1.30003	1254
1.3003	1233
1.30085	1247
1.30085	1245
1.30086	1243
1.30125	1251
1.30125	1248
1.30125	1246
1.30126	1244
1.30151	1252
1.30155	1234
1.30155	1236
1.30162	1244
1.30281	1239
1.30288	1247
1.30288	1249
1.30413	1248
1.30413	1249
1.30413	1249
1.30475	1246
1.306	1246
1.306	1247
1.30795	1257
1.30843	1252
1.30843	1253
1.31205	1249
1.31309	1251
1.31311	1241
1.31381	1244
1.31435	1252
1.31436	1253
1.31437	1243
1.31437	1246
1.31507	1246
1.31547	1258
1.31858	1234
1.31892	1245
1.31896	1248
1.31903	1253
1.31977	1249
1.31984	1237
1.32102	1249
1.32102	1250
1.32135	1247
1.32187	1253
1.32228	1251
1.32229	1253
1.32312	1253
1.32313	1254
1.32436	1252
1.32437	1250
1.32437	1249
1.32504	1246
1.32588	1245
1.32612	1241
1.32629	1248
1.32629	1249
1.32711	1244
1.32711	1242
1.32718	1251
1.32718	1249
1.32737	1241
1.32737	1242
1.32753	1248
1.32754	1247
1.32754	1247
1.32863	1244
1.32887	1250
1.33011	1249
1.33011	1248
1.33046	1251
1.33065	1251
1.33137	1250
1.33138	1252
1.33172	1252
1.33172	1253
1.3319	1252
1.3319	1252
1.33237	1244
1.33297	1253
1.33297	1252
1.33297	1252
1.33315	1247
1.33315	1249
1.33316	1253
1.33316	1254
1.33317	1255
1.33407	1240
1.33422	1252
1.33423	1253
1.33423	1253
1.3344	1250
1.33441	1251
1.33511	1251
1.33532	1242
1.33532	1244
1.33923	1259
1.33989	1246
1.34046	1256
1.34046	1253
1.34114	1247
1.34115	1247
1.34263	1252
1.34356	1244
1.34361	1245
1.34386	1250
1.34387	1248
1.34406	1253
1.34531	1254
1.34979	1251
1.34989	1247
1.3499	1246
1.3527	1245
1.35408	1255
1.35706	1245
1.35714	1251
1.35783	1255
1.35831	1246
1.35831	1247
1.3584	1252
1.35841	1254
1.35889	1248
1.35905	1252
1.35906	1250
1.35957	1249
1.35958	1250
1.35958	1252
1.36032	1252
1.36034	1247
1.36044	1254
1.36045	1253
1.36083	1253
1.36084	1255
1.36085	1256
1.36157	1245
1.36158	1244
1.36168	1251
1.36168	1250
1.36169	1252
1.36169	1250
1.36206	1252
1.36207	1250
1.36208	1248
1.36208	1247
1.36282	1244
1.36283	1244
1.36283	1245
1.36293	1250
1.36294	1251
1.36294	1251
1.36295	1251
1.36295	1252
1.36295	1254
1.36354	1246
1.36363	1247
1.36408	1247
1.36409	1248
1.36421	1255
1.36477	1244
1.36477	1243
1.36485	1244
1.36485	1241
1.36603	1245
1.36611	1244
1.36612	1247
1.36692	1252
1.36717	1255
1.36737	1248
1.36738	1250
1.36738	1252
1.36814	1248
1.36814	1245
1.36862	1250
1.36862	1250
1.36863	1249
1.36987	1250
1.36987	1251
1.36988	1252
1.36989	1253
1.37109	1249
1.3711	1246
1.3711	1243
1.37111	1241
1.37111	1239
1.37263	1250
1.3731	1250
1.37386	1248
1.37386	1246
1.37434	1250
1.37435	1250
1.37467	1255
1.37565	1246
1.37689	1246
1.37689	1245
1.37797	1256
1.37891	1247
1.37893	1248
1.37907	1250
1.37908	1249
1.3791	1249
1.37923	1256
1.37924	1257
1.38015	1246
1.38016	1246
1.38018	1248
1.38018	1248
1.38033	1250
1.38034	1252
1.38034	1253
1.38035	1250
1.38036	1252
1.38159	1254
1.38162	1254
1.38225	1247
1.3826	1243
1.3826	1241
1.38327	1243
1.38327	1241
1.38347	1244
1.38348	1242
1.38384	1242
1.38385	1242
1.38385	1243
1.38406	1250
1.38438	1255
1.38453	1243
1.38453	1244
1.38454	1246
1.38473	1244
1.38474	1246
1.3851	1246
1.38561	1247
1.38561	1249
1.38579	1248
1.38685	1248
1.38686	1247
1.38686	1247
1.38736	1242
1.38736	1244
1.38736	1246
1.38752	1248
1.38799	1257
1.38799	1258
1.3885	1247
1.38862	1247
1.38862	1249
1.38863	1251
1.38891	1247
1.38891	1249
1.38894	1249
1.38894	1251
1.38956	1250
1.39017	1250
1.39017	1252
1.39081	1251
1.39082	1252
1.39169	1253
1.39189	1255
1.39206	1250
1.39294	1253
1.39294	1254
1.39332	1252
1.39498	1241
1.39597	1247
1.39623	1243
1.39624	1246
1.39724	1249
1.39736	1252
1.39749	1248
1.3975	1250
1.3975	1252
1.39858	1249
1.39858	1245
1.39859	1243
1.39872	1248
1.39872	1245
1.39873	1243
1.39888	1244
1.39933	1251
1.39938	1256
1.39955	1253
1.39955	1255
1.40059	1252
1.4006	1253
1.40064	1257
1.4008	1255
1.40081	1256
1.40155	1248
1.40169	1252
1.40169	1250
1.40184	1252
1.40184	1251
1.40184	1251
1.4031	1252
1.40455	1251
1.40471	1246
1.40532	1254
1.40535	1254
1.4058	1252
1.40639	1247
1.40658	1255
1.40658	1257
1.40661	1255
1.40662	1256
1.40762	1245
1.40762	1243
1.40781	1254
1.40782	1252
1.40782	1250
1.40786	1255
1.40786	1254
1.40786	1253
1.41221	1248
1.41233	1245
1.41343	1246
1.41344	1244
1.41357	1244
1.41357	1244
1.41531	1250
1.4155	1258
1.41655	1250
1.41656	1250
1.4166	1251
1.4166	1251
1.41674	1257
1.41675	1256
1.4178	1249
1.4178	1249
1.41781	1249
1.41785	1251
1.41786	1252
1.41787	1254
1.41841	1256
1.41873	1244
1.41905	1249
1.41905	1250
1.41906	1250
1.41911	1254
1.41912	1253
1.41912	1254
1.41965	1254
1.41965	1253
1.41997	1243
1.41997	1242
1.4203	1250
1.42031	1250
1.42031	1251
1.42032	1252
1.42037	1254
1.42038	1255
1.42038	1256
1.42038	1257
1.42064	1257
1.42097	1245
1.42122	1244
1.42123	1246
1.42155	1252
1.42156	1252
1.42157	1252
1.42157	1253
1.42157	1253
1.42162	1256
1.42163	1256
1.42164	1256
1.42164	1255
1.42164	1255
1.42165	1254
1.42188	1255
1.42189	1254
1.4222	1245
1.42221	1244
1.42227	1242
1.42227	1241
1.42279	1251
1.4228	1250
1.42281	1249
1.42281	1249
1.42282	1248
1.42282	1248
1.42287	1255
1.42289	1255
1.42289	1255
1.42289	1255
1.4229	1256
1.4229	1256
1.42291	1254
1.42291	1255
1.42405	1249
1.42406	1251
1.42407	1252
1.42408	1253
1.42408	1255
1.42413	1257
1.42415	1257
1.42497	1246
1.42563	1248
1.42563	1249
1.42621	1248
1.42623	1249
1.42689	1250
1.4269	1252
1.4269	1254
1.42749	1239
1.42763	1252
1.42815	1255
1.42816	1256
1.4283	1252
1.42888	1252
1.42889	1253
1.42895	1253
1.42896	1254
1.42956	1253
1.42957	1255
1.43014	1253
1.43014	1253
1.43021	1255
1.43021	1255
1.43082	1255
1.43083	1256
1.43083	1257
1.43106	1244
1.43107	1246
1.43168	1254
1.43168	1254
1.43172	1250
1.43207	1256
1.43208	1255
1.43208	1255
1.43232	1247
1.43232	1249
1.43233	1250
1.43292	1253
1.43293	1252
1.43293	1251
1.43297	1250
1.43297	1251
1.43332	1254
1.43333	1254
1.43333	1254
1.43334	1254
1.43356	1249
1.43357	1249
1.43357	1249
1.43412	1254
1.43412	1251
1.43413	1248
1.43413	1247
1.43414	1245
1.43416	1250
1.43417	1248
1.43417	1247
1.43421	1250
1.43421	1249
1.43422	1249
1.43439	1253
1.43453	1252
1.43457	1253
1.43458	1253
1.43459	1253
1.4346	1254
1.4346	1255
1.43482	1249
1.43482	1250
1.43483	1251
1.43483	1251
1.43547	1250
1.43549	1255
1.4355	1254
1.43564	1253
1.43565	1253
1.43578	1252
1.43578	1252
1.43582	1255
1.43584	1255
1.43585	1255
1.43585	1256
1.43586	1256
1.43586	1257
1.43607	1251
1.43607	1251
1.43608	1251
1.43608	1251
1.43609	1252
1.43672	1251
1.43673	1249
1.43673	1247
1.43689	1252
1.43689	1252
1.4369	1252
1.43692	1255
1.43703	1252
1.43704	1252
1.43704	1253
1.43708	1257
1.43732	1252
1.43733	1252
1.43733	1253
1.43734	1253
1.43734	1254
1.43735	1255
1.43762	1246
1.43796	1246
1.43797	1245
1.43797	1244
1.43813	1251
1.43814	1250
1.43815	1250
1.43817	1255
1.43818	1255
1.43818	1255
1.43829	1254
1.43829	1254
1.4383	1255
1.43858	1256
1.43859	1257
1.43887	1247
1.43888	1249
1.43898	1256
1.43898	1257
1.43943	1256
1.43944	1257
1.43954	1255
1.4401	1246
1.44011	1245
1.44012	1244
1.4402	1253
1.4402	1249
1.44021	1246
1.44129	1237
1.4413	1231
1.44131	1227
1.4414	1240
1.4414	1235
1.44141	1231
1.44161	1243
1.44162	1239
1.44234	1244
1.44253	1228
1.44255	1230
1.44255	1232
1.44256	1234
1.44265	1234
1.44266	1237
1.44266	1240
1.44267	1242
1.44314	1257
1.44315	1257
1.44361	1247
1.44439	1256
1.4444	1255
1.44458	1256
1.44565	1256
1.44565	1256
1.44566	1257
1.44674	1246
1.44691	1258
1.44691	1258
1.44692	1255
1.44693	1259
1.44798	1245
1.44798	1245
1.44798	1246
1.44816	1258
1.44816	1258
1.44817	1257
1.44818	1255
1.44818	1256
1.44819	1258
1.44924	1248
1.44942	1259
1.45013	1252
1.45013	1251
1.45111	1248
1.4514	1253
1.45331	1251
1.45332	1247
1.45457	1249
1.45528	1256
1.45651	1254
1.45652	1252
1.45659	1246
1.45778	1254
1.45802	1250
1.45826	1256
1.45863	1250
1.45952	1256
1.45952	1256
1.45968	1254
1.46078	1257
1.46094	1255
1.46095	1256
1.4627	1245
1.4627	1247
1.46317	1250
1.4639	1251
1.46409	1244
1.46428	1248
1.46442	1249
1.46442	1249
1.46445	1258
1.46554	1250
1.46568	1250
1.46568	1252
1.46571	1258
1.46572	1259
1.46601	1246
1.46616	1252
1.46633	1236
1.46691	1250
1.46691	1248
1.46692	1246
1.46695	1256
1.46695	1254
1.46696	1252
1.46723	1245
1.46726	1247
1.46727	1247
1.46738	1257
1.46739	1258
1.46758	1239
1.46759	1242
1.46884	1244
1.46885	1246
1.46885	1248
1.46953	1256
1.46953	1255
1.47009	1249
1.47011	1250
1.47011	1251
1.47079	1255
1.4708	1257
1.47124	1241
1.47135	1252
1.47137	1253
1.47137	1254
1.47138	1255
1.47143	1253
1.47148	1249
1.47148	1251
1.47249	1243
1.4725	1244
1.47261	1255
1.47263	1256
1.47263	1256
1.47264	1257
1.47264	1258
1.47368	1253
1.47375	1246
1.47376	1248
1.47376	1250
1.47457	1247
1.47474	1245
1.47494	1254
1.47494	1255
1.47596	1256
1.476	1247
1.47605	1249
1.47895	1253
1.48021	1254
1.48021	1255
1.48141	1258
1.48147	1256
1.48147	1256
1.48148	1257
1.48194	1255
1.48207	1246
1.48241	1255
1.48252	1250
1.48253	1250
1.48266	1257
1.48266	1257
1.48266	1257
1.48267	1257
1.48267	1258
1.48273	1258
1.48274	1258
1.48274	1259
1.4832	1255
1.48333	1247
1.48333	1248
1.48392	1258
1.48399	1259
1.484	1259
1.484	1259
1.484	1260
1.48456	1256
1.48457	1248
1.48458	1248
1.48458	1248
1.48521	1255
1.48522	1251
1.48522	1247
1.48523	1245
1.48523	1243
1.48581	1254
1.48581	1253
1.48582	1248
1.48583	1249
1.48584	1249
1.48647	1245
1.48648	1247
1.48648	1248
1.48706	1254
1.48707	1255
1.48707	1256
1.48708	1250
1.48709	1252
1.48709	1253
1.48709	1253
1.48831	1255
1.48832	1254
1.48832	1253
1.48833	1253
1.48834	1253
1.48835	1253
1.48835	1253
1.48835	1254
1.49267	1259
1.4939	1256
1.4939	1253
1.4939	1251
1.49391	1250
1.49391	1249
1.49414	1238
1.49513	1247
1.49514	1246
1.49514	1245
1.49515	1245
1.49515	1245
1.49516	1245
1.49521	1251
1.49539	1240
1.4954	1242
1.49585	1256
1.49647	1252
1.49648	1253
1.49705	1250
1.49705	1246
1.49706	1242
1.49706	1238
1.49766	1246
1.49767	1239
1.49768	1234
1.49826	1234
1.49826	1231
1.49826	1228
1.49827	1226
1.49827	1224
1.4989	1235
1.49891	1235
1.49891	1235
1.49916	1251
1.49951	1228
1.49952	1232
1.50042	1252
1.50042	1254
1.50122	1245
1.50123	1241
1.50151	1250
1.50158	1243
1.50165	1251
1.50165	1248
1.50166	1247
1.5019	1253
1.50218	1255
1.50221	1248
1.50226	1250
1.50243	1251
1.50345	1256
1.50352	1251
1.50352	1252
1.50369	1252
1.50369	1253
1.50475	1250
1.50475	1248
1.50476	1247
1.50493	1252
1.50494	1251
1.50494	1251
1.50619	1252
1.5062	1253
1.5062	1254
1.50742	1251
1.50743	1248
1.50743	1246
1.50744	1245
1.50942	1254
1.50952	1251
1.51037	1241
1.51038	1237
1.51064	1250
1.51064	1247
1.51075	1249
1.51076	1247
1.51093	1255
1.51219	1256
1.51219	1257
1.51341	1252
1.51341	1249
1.51341	1246
1.51393	1237
1.51393	1239
1.51519	1241
1.51519	1244
1.5152	1247
1.51617	1242
1.51617	1241
1.51642	1245
1.51643	1243
1.51643	1242
1.51741	1242
1.51741	1243
1.51742	1244
1.51742	1245
1.51767	1244
1.51769	1246
1.51769	1248
1.5177	1250
1.51851	1249
1.51862	1256
1.51867	1247
1.51868	1249
1.51894	1252
1.51971	1247
1.51975	1248
1.51975	1247
1.51987	1255
1.51987	1255
1.52013	1246
1.52101	1249
1.52102	1251
1.52113	1255
1.52122	1244
1.5214	1248
1.5214	1250
1.52165	1245
1.52246	1244
1.52246	1244
1.52264	1249
1.52264	1249
1.52278	1251
1.5229	1246
1.52291	1248
1.52442	1252
1.52489	1253
1.52558	1245
1.52565	1249
1.52566	1247
1.52615	1254
1.52615	1254
1.52683	1245
1.52683	1245
1.5269	1247
1.52691	1248
1.52691	1248
1.52715	1247
1.52722	1249
1.52806	1244
1.52806	1242
1.52813	1246
1.52814	1245
1.52814	1243
1.52838	1246
1.52839	1245
1.52847	1248
1.52847	1248
1.52907	1244
1.52932	1244
1.52932	1247
1.5294	1246
1.52972	1249
1.52973	1250
1.53028	1251
1.53032	1245
1.53032	1246
1.53038	1239
1.53049	1251
1.53119	1242
1.5312	1241
1.53137	1248
1.53138	1247
1.53153	1251
1.53154	1252
1.53158	1248
1.53158	1249
1.53158	1250
1.53164	1242
1.53164	1245
1.5329	1247
1.53345	1247
1.53443	1242
1.53445	1229
1.53467	1243
1.53468	1241
1.53765	1243
1.53789	1244
1.53795	1247
1.53804	1243
1.53805	1241
1.53891	1245
1.53891	1248
1.53983	1255
1.53984	1255
1.5399	1243
1.5399	1244
1.54008	1248
1.54008	1248
1.54014	1252
1.54014	1252
1.54016	1249
1.54017	1250
1.54017	1251
1.54107	1252
1.54107	1250
1.54107	1248
1.54114	1244
1.54115	1243
1.54115	1243
1.54132	1248
1.54133	1248
1.54133	1248
1.54139	1252
1.54139	1252
1.54139	1252
1.54142	1252
1.54143	1252
1.54143	1253
1.54207	1246
1.54233	1250
1.54332	1246
1.54332	1247
1.54458	1249
1.54459	1251
1.54538	1246
1.54569	1248
1.5457	1250
1.54651	1248
1.54662	1246
1.54663	1246
1.54694	1250
1.54695	1250
1.54695	1251
1.54816	1247
1.54817	1244
1.5482	1233
1.54821	1252
1.54821	1254
1.54852	1253
1.54938	1244
1.54938	1242
1.54939	1240
1.54939	1242
1.5494	1240
1.54942	1232
1.54942	1232
1.54975	1251
1.54975	1249
1.54991	1243
1.54991	1244
1.55007	1246
1.55008	1244
1.55015	1250
1.55016	1249
1.55064	1243
1.55133	1246
1.55141	1251
1.55142	1252
1.55142	1253
1.55154	1252
1.55155	1249
1.55263	1248
1.55263	1244
1.55264	1241
1.55277	1249
1.55277	1246
1.55278	1247
1.55279	1245
1.55467	1243
1.55484	1249
1.55588	1240
1.55589	1237
1.55607	1247
1.55608	1246
1.55693	1252
1.55694	1251
1.55713	1239
1.55714	1241
1.55714	1243
1.55808	1240
1.55808	1241
1.55812	1233
1.55813	1235
1.55819	1251
1.55819	1252
1.5582	1253
1.55839	1244
1.55839	1245
1.5584	1246
1.5585	1250
1.5585	1251
1.55921	1246
1.55932	1241
1.55933	1241
1.55933	1241
1.55937	1237
1.55938	1238
1.55938	1239
1.55938	1244
1.55939	1245
1.55944	1252
1.55945	1253
1.55945	1253
1.55965	1248
1.55965	1249
1.55976	1252
1.55977	1253
1.56002	1246
1.56002	1246
1.56046	1248
1.56047	1249
1.56065	1247
1.56065	1249
1.5607	1254
1.56071	1255
1.56125	1244
1.56126	1243
1.56126	1243
1.56136	1240
1.5617	1247
1.5617	1246
1.5617	1244
1.56179	1240
1.56249	1242
1.5625	1242
1.5625	1243
1.56259	1240
1.5626	1240
1.5626	1241
1.56274	1252
1.56296	1246
1.56296	1248
1.56297	1250
1.56306	1243
1.56306	1246
1.56365	1246
1.56374	1244
1.56375	1245
1.56375	1246
1.56376	1247
1.56385	1243
1.56386	1246
1.56421	1250
1.56421	1251
1.56422	1251
1.56423	1252
1.56431	1246
1.56431	1247
1.56489	1246
1.56489	1245
1.56498	1246
1.56499	1246
1.565	1245
1.565	1245
1.56501	1245
1.56556	1248
1.56556	1249
1.56558	1251
1.56614	1245
1.56622	1244
1.56624	1245
1.56625	1246
1.56625	1247
1.56626	1248
1.56663	1247
1.56682	1251
1.56682	1252
1.56683	1252
1.56786	1245
1.56786	1244
1.56805	1250
1.56805	1248
1.56806	1247
1.56807	1247
1.5684	1249
1.56872	1246
1.56873	1244
1.56911	1245
1.56912	1246
1.56931	1249
1.56966	1251
1.56996	1246
1.56997	1248
1.56998	1249
1.56999	1251
1.57	1253
1.57037	1248
1.57038	1250
1.57038	1251
1.57066	1251
1.57121	1251
1.57122	1250
1.57122	1250
1.57122	1249
1.57123	1248
1.57124	1247
1.5716	1249
1.57161	1246
1.57161	1245
1.57183	1248
1.57183	1248
1.57184	1248
1.5719	1249
1.5719	1248
1.57247	1249
1.57316	1250
1.57317	1252
1.57437	1246
1.57437	1242
1.57438	1239
1.57487	1243
1.57488	1242
1.57563	1241
1.57564	1244
1.57565	1246
1.57651	1253
1.57687	1245
1.57687	1245
1.57688	1245
1.57689	1245
1.5777	1247
1.57771	1241
1.57805	1239
1.57805	1237
1.5781	1243
1.5781	1241
1.57811	1239
1.57811	1238
1.57812	1238
1.57812	1237
1.57813	1238
1.5789	1250
1.57896	1248
1.58014	1255
1.58016	1251
1.58016	1252
1.58021	1249
1.58021	1250
1.58113	1251
1.58115	1246
1.58115	1244
1.58137	1251
1.58137	1248
1.58138	1247
1.5814	1250
1.5814	1248
1.5814	1247
1.58145	1249
1.58146	1248
1.58146	1248
1.58228	1248
1.58271	1250
1.58272	1251
1.58328	1251
1.58329	1251
1.58351	1247
1.58352	1246
1.5845	1247
1.58451	1243
1.58451	1241
1.58474	1243
1.58474	1241
1.58475	1239
1.58517	1244
1.586	1242
1.5864	1242
1.5864	1243
1.58642	1245
1.58642	1246
1.58643	1252
1.58644	1252
1.58655	1246
1.58655	1248
1.58666	1253
1.58667	1255
1.58765	1244
1.58766	1245
1.58766	1246
1.58767	1247
1.58768	1248
1.58768	1250
1.58769	1253
1.5877	1254
1.5884	1251
1.58841	1251
1.58859	1244
1.58863	1252
1.58891	1248
1.58964	1249
1.58964	1247
1.58965	1246
1.58983	1244
1.58984	1244
1.58988	1251
1.58988	1250
1.5899	1244
1.58991	1245
1.59017	1248
1.59017	1249
1.5909	1248
1.59109	1246
1.5911	1247
1.5911	1249
1.59113	1251
1.59114	1252
1.59114	1253
1.59116	1246
1.59117	1248
1.59117	1249
1.59144	1250
1.59177	1248
1.59182	1239
1.59235	1249
1.59235	1250
1.59236	1251
1.59238	1253
1.59239	1252
1.59239	1252
1.59241	1250
1.59242	1250
1.59243	1251
1.59298	1235
1.59299	1245
1.59299	1243
1.59304	1237
1.59304	1236
1.59348	1239
1.59357	1248
1.59358	1245
1.59358	1243
1.59358	1241
1.59361	1249
1.59362	1247
1.59362	1245
1.59362	1243
1.59364	1248
1.59365	1246
1.59366	1245
1.59366	1244
1.59422	1236
1.59422	1237
1.59423	1243
1.59424	1243
1.59424	1243
1.59428	1236
1.59429	1237
1.59429	1238
1.5943	1238
1.59431	1239
1.59431	1240
1.59473	1240
1.59473	1242
1.59483	1242
1.59483	1244
1.59487	1245
1.59487	1246
1.59488	1247
1.59488	1249
1.59489	1251
1.5949	1246
1.59491	1248
1.59492	1249
1.59493	1251
1.5953	1250
1.59542	1255
1.59549	1240
1.59549	1246
1.5955	1248
1.5955	1250
1.59554	1241
1.59555	1243
1.59555	1245
1.59556	1243
1.59557	1245
1.59557	1247
1.59598	1242
1.59598	1243
1.59599	1244
1.59612	1251
1.59613	1251
1.59613	1252
1.59614	1253
1.59614	1253
1.59615	1254
1.59622	1250
1.59673	1248
1.59674	1247
1.59674	1246
1.59675	1246
1.59677	1244
1.59678	1243
1.59678	1242
1.59679	1242
1.5968	1246
1.59681	1246
1.59682	1246
1.59682	1246
1.59714	1249
1.59723	1245
1.59724	1246
1.59724	1248
1.59728	1254
1.59747	1250
1.59747	1251
1.59799	1247
1.59799	1247
1.598	1248
1.59801	1249
1.59801	1251
1.59803	1244
1.59806	1248
1.59872	1251
1.59872	1252
1.59873	1252
1.59924	1252
1.59925	1252
1.59926	1253
1.59926	1254
1.59927	1255
1.59995	1249
1.59996	1247
1.59996	1245
1.60019	1250
1.60019	1250
1.60309	1247
1.6031	1247
1.60435	1249
1.60436	1250
1.60436	1252
1.60743	1254
1.60743	1255
1.60764	1248
1.60866	1253
1.60867	1252
1.60867	1251
1.60889	1248
1.60889	1248
1.61015	1250
1.61079	1240
1.61187	1252
1.61204	1241
1.61205	1243
1.61295	1238
1.61309	1249
1.6131	1247
1.61328	1242
1.61328	1241
1.61417	1236
1.61418	1234
1.61426	1243
1.61427	1242
1.61433	1246
1.61433	1246
1.61434	1245
1.61452	1241
1.61452	1242
1.61453	1242
1.61738	1243
1.61738	1237
1.61758	1241
1.61765	1245
1.61768	1250
1.6178	1247
1.6179	1252
1.61846	1254
1.61851	1246
1.61861	1253
1.61972	1255
1.61973	1256
1.61977	1248
1.61987	1254
1.61987	1255
1.62095	1253
1.62096	1250
1.62111	1253
1.62111	1251
1.62111	1249
1.62289	1235
1.6229	1236
1.62302	1245
1.62302	1245
1.62411	1234
1.62412	1232
1.62412	1231
1.62424	1242
1.62424	1240
1.62425	1238
1.62493	1247
1.62494	1248
1.6255	1241
1.62789	1253
1.62794	1242
1.6282	1243
1.62969	1251
1.6297	1251
1.63093	1249
1.63093	1247
1.63093	1246
1.6313	1250
1.63132	1252
1.63218	1247
1.63219	1248
1.63219	1249
1.63245	1249
1.63255	1244
1.63256	1251
1.63257	1252
1.63258	1253
1.63259	1254
1.63284	1232
1.63285	1234
1.63341	1246
1.63342	1245
1.63342	1243
1.63343	1242
1.63357	1237
1.63357	1237
1.63369	1249
1.63369	1248
1.6338	1244
1.6338	1245
1.63381	1252
1.63382	1252
1.63384	1254
1.63384	1254
1.63385	1255
1.63409	1236
1.6341	1239
1.63467	1244
1.63483	1240
1.63506	1247
1.63571	1243
1.63727	1249
1.63762	1251
1.63763	1251
1.63765	1247
1.63776	1249
1.63851	1248
1.63851	1248
1.63887	1252
1.63887	1253
1.63889	1252
1.6389	1254
1.64013	1253
1.64013	1253
1.64013	1254
1.64015	1254
1.64016	1255
1.64016	1256
1.64099	1246
1.64132	1247
1.64138	1254
1.64138	1254
1.64139	1254
1.64141	1256
1.64141	1256
1.64142	1257
1.64258	1249
1.64261	1256
1.64262	1257
1.64264	1255
1.64265	1256
1.64321	1244
1.64322	1254
1.64339	1243
1.64384	1253
1.64385	1251
1.64385	1249
1.64426	1240
1.64426	1239
1.64445	1243
1.64445	1243
1.64446	1253
1.64447	1252
1.64463	1244
1.64464	1245
1.64464	1246
1.64534	1242
1.64552	1242
1.64571	1245
1.64612	1251
1.64637	1254
1.64639	1253
1.64657	1240
1.64657	1239
1.64723	1243
1.64723	1239
1.64732	1246
1.64733	1242
1.6476	1250
1.64762	1247
1.6478	1239
1.64781	1238
1.64782	1239
1.64837	1249
1.64849	1242
1.64906	1242
1.64962	1250
1.64963	1251
1.65083	1246
1.65084	1241
1.65085	1238
1.65137	1248
1.65243	1249
1.65244	1250
1.65259	1249
1.65259	1250
1.65263	1249
1.65263	1250
1.65366	1248
1.65367	1246
1.65368	1245
1.65382	1248
1.65383	1247
1.65384	1247
1.65388	1250
1.65388	1250
1.65389	1250
1.65461	1241
1.65509	1249
1.65585	1243
1.65587	1245
1.65709	1245
1.65711	1245
1.65712	1245
1.65779	1254
1.65835	1247
1.65903	1252
1.65903	1250
1.66006	1247
1.66025	1246
1.66025	1242
1.66025	1239
1.66087	1244
1.66089	1241
1.66096	1240
1.66101	1243
1.66213	1246
1.66213	1248
1.66215	1243
1.66216	1246
1.66241	1247
1.66241	1248
1.66338	1247
1.66338	1248
1.66338	1248
1.6634	1246
1.6634	1247
1.66341	1248
1.66364	1246
1.66364	1243
1.66365	1242
1.66393	1247
1.66403	1251
1.6641	1242
1.66416	1243
1.66444	1254
1.66519	1249
1.66519	1250
1.66535	1245
1.66536	1247
1.66542	1246
1.66543	1248
1.6657	1254
1.6657	1256
1.66641	1246
1.66641	1243
1.66641	1241
1.66657	1243
1.66658	1240
1.66658	1238
1.66665	1245
1.66666	1244
1.66666	1242
1.66692	1251
1.66693	1248
1.66693	1245
1.66749	1251
1.66754	1247
1.66755	1249
1.66758	1248
1.6676	1251
1.66763	1257
1.66767	1243
1.66767	1245
1.66768	1247
1.66844	1242
1.66849	1244
1.66874	1252
1.66875	1253
1.66879	1248
1.6688	1249
1.66881	1250
1.66881	1251
1.66883	1249
1.66884	1251
1.66886	1253
1.66967	1240
1.66967	1239
1.66972	1242
1.66972	1241
1.66999	1251
1.66999	1250
1.67	1250
1.67004	1249
1.67005	1249
1.67005	1250
1.67006	1252
1.67006	1252
1.67007	1253
1.67009	1252
1.6701	1252
1.6701	1254
1.67077	1248
1.67201	1247
1.67202	1248
1.67324	1246
1.67325	1244
1.67395	1243
1.67515	1257
1.67521	1245
1.67521	1247
1.67636	1251
1.67639	1255
1.67639	1253
1.67645	1247
1.67645	1247
1.67646	1247
1.67646	1247
1.67711	1250
1.67835	1249
1.67835	1248
1.67838	1248
1.679	1246
1.67959	1247
1.67959	1246
1.6796	1245
1.67962	1247
1.67962	1246
1.68024	1246
1.68025	1247
1.68034	1244
1.68148	1245
1.68148	1244
1.68149	1244
1.68157	1243
1.68158	1242
1.68274	1245
1.68274	1247
1.68275	1249
1.68283	1244
1.68284	1246
1.68357	1241
1.6837	1249
1.68376	1249
1.68379	1252
1.68383	1253
1.68385	1251
1.68461	1235
1.68479	1239
1.6848	1237
1.68493	1246
1.68493	1244
1.68499	1246
1.68499	1244
1.68502	1250
1.68503	1248
1.68506	1251
1.68507	1249
1.68509	1250
1.6851	1249
1.68514	1252
1.68514	1251
1.68521	1248
1.68522	1249
1.68524	1248
1.68524	1249
1.68606	1240
1.68625	1246
1.68625	1248
1.68626	1250
1.68647	1250
1.68648	1251
1.68648	1252
1.68649	1250
1.6865	1251
1.6865	1253
1.68652	1241
1.68687	1248
1.68699	1246
1.68748	1248
1.68749	1246
1.68749	1245
1.6877	1249
1.6877	1247
1.68771	1245
1.68772	1249
1.68773	1247
1.68773	1245
1.68775	1240
1.68776	1239
1.68809	1244
1.68809	1242
1.68821	1244
1.68822	1242
1.68833	1243
1.68833	1241
1.68873	1245
1.68874	1247
1.68874	1248
1.68875	1249
1.68901	1242
1.68902	1245
1.69088	1238
1.69151	1247
1.69208	1238
1.69334	1240
1.69334	1242
1.69459	1243
1.69459	1245
1.69652	1244
1.69682	1241
1.69683	1240
1.69696	1241
1.69697	1242
1.69713	1246
1.69715	1249
1.69823	1244
1.69841	1250
1.69882	1251
1.6989	1253
1.70004	1247
1.70004	1244
1.70012	1249
1.70013	1246
1.70033	1245
1.70159	1247
1.7016	1249
1.70209	1242
1.7028	1244
1.7028	1240
1.70281	1236
1.70331	1240
1.70332	1239
1.70333	1243
1.70334	1241
1.70397	1243
1.70404	1237
1.70405	1237
1.70475	1242
1.70501	1249
1.70523	1245
1.70523	1247
1.70589	1247
1.70597	1239
1.70597	1236
1.70615	1242
1.70625	1247
1.70626	1247
1.70648	1248
1.70649	1250
1.70649	1251
1.70714	1248
1.70715	1250
1.70741	1245
1.70741	1247
1.70839	1250
1.70839	1250
1.7084	1250
1.70866	1247
1.70866	1248
1.70867	1249
1.71056	1243
1.71087	1240
1.71089	1248
1.71154	1237
1.71182	1244
1.71182	1245
1.71308	1247
1.71308	1249
1.71473	1238
1.71474	1240
1.71509	1250
1.71599	1242
1.71599	1244
1.716	1246
1.71634	1251
1.71635	1253
1.71684	1251
1.71725	1248
1.71726	1250
1.71809	1251
1.7181	1252
1.71838	1240
1.71899	1234
1.71931	1248
1.71932	1245
1.71933	1243
1.71961	1240
1.71962	1240
1.72102	1251
1.72102	1253
1.72128	1248
1.72215	1249
1.72225	1250
1.72226	1248
1.7225	1249
1.72252	1248
1.72252	1248
1.7232	1245
1.72375	1250
1.72376	1251
1.72377	1249
1.72378	1250
1.72378	1251
1.7238	1246
1.7239	1248
1.72442	1243
1.72443	1241
1.72499	1248
1.72499	1247
1.72501	1249
1.72502	1248
1.72502	1247
1.72504	1245
1.72504	1245
1.7251	1252
1.72511	1251
1.72515	1248
1.72515	1249
1.72567	1242
1.72568	1243
1.72568	1245
1.72636	1252
1.72637	1253
1.72693	1246
1.72694	1248
1.72694	1249
1.72713	1242
1.72815	1245
1.72816	1242
1.72816	1239
1.72817	1237
1.72831	1238
1.72835	1241
1.72838	1243
1.72838	1244
1.7284	1248
1.72936	1248
1.72957	1241
1.72958	1244
1.72964	1246
1.72964	1248
1.72964	1250
1.72966	1250
1.72966	1252
1.72967	1251
1.73012	1253
1.73022	1244
1.73023	1242
1.73057	1243
1.73057	1239
1.73078	1240
1.73079	1237
1.7308	1235
1.73086	1246
1.73086	1242
1.73086	1239
1.73087	1247
1.73088	1244
1.73089	1242
1.7309	1248
1.7309	1245
1.73134	1251
1.73136	1249
1.73144	1244
1.73147	1242
1.73147	1242
1.73148	1243
1.73182	1241
1.73183	1243
1.73183	1245
1.73204	1237
1.73205	1240
1.73212	1242
1.73213	1243
1.73214	1244
1.73269	1246
1.7327	1248
1.73273	1245
1.73274	1247
1.73274	1249
1.73308	1247
1.73309	1249
1.7331	1250
1.73338	1246
1.73339	1248
1.73339	1250
1.7334	1251
1.73374	1244
1.73387	1244
1.73387	1241
1.73391	1244
1.73391	1240
1.73392	1238
1.73395	1246
1.73396	1243
1.73396	1241
1.73397	1239
1.73431	1248
1.73432	1246
1.73432	1244
1.73433	1243
1.73461	1248
1.73462	1246
1.73463	1245
1.73464	1244
1.73464	1243
1.73499	1245
1.73499	1246
1.735	1247
1.7352	1240
1.73588	1246
1.73589	1248
1.73625	1249
1.73626	1251
1.73626	1253
1.7375	1252
1.73751	1253
1.73751	1253
1.73752	1253
1.73871	1247
1.73875	1252
1.73876	1251
1.73876	1251
1.73877	1251
1.73877	1251
1.73878	1246
1.73901	1237
1.73954	1238
1.73962	1244
1.73962	1245
1.74027	1240
1.7408	1242
1.74081	1244
1.74202	1241
1.74203	1239
1.74203	1237
1.74205	1238
1.74205	1236
1.74301	1237
1.74301	1233
1.74324	1234
1.74324	1232
1.74325	1230
1.74327	1234
1.74327	1232
1.74327	1231
1.74361	1248
1.74387	1242
1.74387	1243
1.74389	1245
1.74452	1234
1.74453	1237
1.74453	1239
1.74512	1245
1.74513	1247
1.74513	1249
1.74575	1237
1.74575	1235
1.74576	1234
1.74576	1233
1.74586	1245
1.74616	1239
1.74695	1229
1.74695	1226
1.74696	1223
1.74696	1220
1.74696	1218
1.74705	1238
1.74705	1233
1.74738	1236
1.74738	1234
1.74767	1236
1.74806	1236
1.74817	1219
1.74818	1219
1.74818	1220
1.74819	1221
1.74819	1222
1.74819	1223
1.74827	1243
1.74827	1242
1.74829	1233
1.74829	1234
1.74829	1234
1.74862	1236
1.74863	1238
1.74863	1240
1.74879	1250
1.7488	1251
1.74881	1252
1.7489	1236
1.74891	1236
1.74931	1238
1.74931	1240
1.74989	1242
1.74989	1245
1.7499	1247
1.75005	1253
1.75006	1253
1.75006	1254
1.75007	1255
1.7501	1253
1.75016	1239
1.75017	1242
1.75055	1240
1.75055	1240
1.75056	1240
1.75107	1241
1.75108	1240
1.75109	1235
1.75109	1230
1.7511	1226
1.75126	1249
1.75127	1244
1.75127	1239
1.75128	1235
1.75128	1232
1.75133	1239
1.75137	1242
1.75138	1240
1.75139	1238
1.75139	1236
1.75177	1238
1.75178	1236
1.75178	1235
1.75197	1231
1.75202	1239
1.75231	1242
1.75232	1243
1.75233	1230
1.75235	1233
1.75235	1236
1.75236	1239
1.75236	1242
1.75303	1237
1.75303	1240
1.75304	1243
1.75305	1245
1.75347	1249
1.75347	1250
1.75357	1245
1.75358	1247
1.75358	1249
1.7536	1244
1.75361	1247
1.75423	1240
1.75424	1236
1.75425	1233
1.75425	1231
1.75426	1229
1.75469	1247
1.75469	1244
1.7547	1241
1.75481	1247
1.75481	1245
1.75482	1244
1.75549	1232
1.75549	1234
1.75549	1237
1.75551	1240
1.75551	1242
1.75552	1244
1.75607	1246
1.75675	1247
1.75675	1249
1.7581	1244
1.75811	1245
1.75874	1252
1.75875	1254
1.75952	1240
1.75999	1253
1.75999	1252
1.76	1252
1.76066	1226
1.76066	1223
1.76073	1236
1.76073	1234
1.76121	1249
1.76122	1246
1.76122	1244
1.76123	1242
1.76192	1228
1.76192	1232
1.76193	1236
1.76261	1251
1.76292	1237
1.76318	1238
1.76318	1241
1.76319	1243
1.76382	1246
1.76383	1242
1.76414	1236
1.76414	1234
1.76437	1225
1.76437	1226
1.76441	1242
1.76442	1242
1.76443	1242
1.76443	1242
1.76503	1241
1.76511	1240
1.76629	1236
1.76629	1244
1.7663	1247
1.76752	1235
1.76752	1235
1.76753	1245
1.76754	1245
1.76754	1244
1.7676	1251
1.76815	1240
1.76818	1233
1.7684	1242
1.7685	1246
1.76885	1251
1.76886	1252
1.76965	1243
1.76966	1245
1.7701	1252
1.77011	1252
1.77011	1252
1.77091	1245
1.77091	1246
1.77091	1247
1.77129	1242
1.77131	1243
1.77135	1252
1.77136	1252
1.77137	1252
1.77217	1249
1.77255	1244
1.77255	1247
1.77262	1254
1.77262	1255
1.77262	1256
1.77379	1247
1.7738	1247
1.77381	1248
1.77571	1237
1.77694	1236
1.77694	1235
1.77785	1235
1.77799	1249
1.778	1249
1.778	1250
1.77801	1251
1.77808	1247
1.77811	1231
1.77879	1245
1.77911	1239
1.77934	1249
1.78003	1244
1.78003	1243
1.78119	1246
1.78124	1237
1.78127	1245
1.78128	1244
1.78128	1245
1.78129	1246
1.78241	1245
1.78242	1247
1.78245	1248
1.78363	1244
1.78364	1241
1.78365	1239
1.7849	1242
1.78503	1244
1.7857	1238
1.78601	1248
1.78609	1249
1.78629	1246
1.7863	1248
1.7864	1239
1.7869	1233
1.7869	1229
1.78721	1242
1.78722	1238
1.7873	1244
1.78731	1240
1.78752	1246
1.78753	1244
1.78753	1242
1.78763	1237
1.78763	1236
1.78814	1231
1.78815	1233
1.78815	1235
1.78847	1241
1.78848	1243
1.78848	1246
1.7894	1239
1.78941	1242
1.78942	1244
1.78972	1246
1.78973	1247
1.78974	1249
1.79065	1244
1.79066	1244
1.79066	1244
1.79066	1244
1.79094	1250
1.79094	1251
1.79099	1250
1.791	1252
1.79129	1241
1.7913	1241
1.79177	1250
1.79182	1234
1.79187	1244
1.79189	1243
1.79191	1246
1.79219	1251
1.7922	1252
1.79221	1253
1.79254	1242
1.79254	1242
1.79254	1243
1.79297	1247
1.79299	1247
1.793	1245
1.79305	1235
1.79306	1235
1.79311	1244
1.79312	1245
1.79314	1244
1.79314	1244
1.79344	1252
1.79345	1252
1.79345	1252
1.79469	1251
1.7947	1251
1.7947	1251
1.79471	1251
1.79499	1240
1.79504	1248
1.79594	1251
1.79596	1251
1.79596	1251
1.79596	1252
1.79597	1253
1.79601	1253
1.79603	1253
1.79662	1241
1.79718	1252
1.7972	1250
1.7972	1249
1.7972	1248
1.7972	1247
1.79721	1246
1.79726	1252
1.79727	1250
1.79782	1236
1.79783	1232
1.79816	1235
1.79843	1247
1.79845	1247
1.79845	1248
1.79845	1249
1.79846	1249
1.79846	1250
1.79846	1251
1.79851	1251
1.79852	1252
1.79853	1253
1.79969	1252
1.79969	1253
1.79971	1254
1.79971	1255
1.79972	1256
1.79978	1255
1.80045	1244
1.80064	1245
1.80064	1245
1.80128	1242
1.80128	1241
1.8017	1245
1.8017	1247
1.80173	1246
1.80174	1247
1.80181	1238
1.80181	1241
1.8019	1247
1.8025	1243
1.80295	1247
1.80296	1248
1.80296	1249
1.80299	1249
1.80299	1250
1.803	1251
1.80307	1244
1.80308	1246
1.80371	1240
1.80372	1238
1.80419	1248
1.8042	1247
1.80421	1247
1.80423	1250
1.80424	1250
1.80425	1249
1.80497	1241
1.80498	1243
1.80545	1248
1.80546	1249
1.80546	1250
1.80546	1251
1.80549	1251
1.8055	1252
1.8055	1253
1.80551	1254
1.80634	1235
1.80635	1233
1.80654	1231
1.80655	1231
1.80667	1248
1.80669	1246
1.80669	1244
1.8067	1243
1.8067	1242
1.80673	1253
1.80675	1251
1.80675	1250
1.80675	1250
1.80676	1249
1.80799	1251
1.80816	1247
1.80864	1244
1.8087	1245
1.8088	1250
1.80941	1247
1.80941	1247
1.8099	1245
1.8099	1247
1.80995	1246
1.80997	1248
1.81116	1249
1.81121	1250
1.81123	1251
1.81123	1253
1.81245	1251
1.81247	1249
1.81247	1248
1.81371	1250
1.81439	1246
1.8153	1231
1.8153	1231
1.8156	1241
1.8156	1238
1.81625	1246
1.81633	1252
1.81655	1233
1.81656	1235
1.81656	1238
1.81749	1250
1.81759	1253
1.81781	1241
1.81782	1244
1.81783	1246
1.81871	1246
1.81872	1243
1.81878	1240
1.81903	1243
1.81904	1240
1.81905	1239
1.81906	1238
1.8197	1253
1.81993	1250
1.81997	1245
1.81998	1247
1.81998	1249
1.82064	1248
1.82064	1249
1.82095	1254
1.82096	1255
1.82118	1250
1.82119	1251
1.82123	1250
1.82124	1252
1.82124	1253
1.82186	1246
1.82187	1244
1.82187	1242
1.82191	1234
1.82219	1253
1.8222	1251
1.8222	1250
1.82243	1250
1.82243	1250
1.82244	1250
1.82248	1250
1.82249	1254
1.8225	1254
1.8225	1255
1.8225	1256
1.82304	1248
1.82309	1241
1.82311	1248
1.82312	1245
1.82313	1247
1.82316	1237
1.82317	1240
1.82369	1251
1.82369	1252
1.82374	1252
1.82375	1257
1.82376	1258
1.8243	1249
1.8243	1250
1.82434	1242
1.82434	1243
1.82435	1247
1.82435	1246
1.8244	1240
1.82441	1240
1.82441	1240
1.82508	1251
1.82566	1243
1.82628	1243
1.82749	1240
1.8275	1237
1.82808	1241
1.82872	1247
1.82875	1240
1.82876	1243
1.82876	1246
1.82934	1243
1.82935	1246
1.8299	1251
1.8299	1252
1.82998	1249
1.82999	1250
1.83002	1248
1.83057	1244
1.83058	1243
1.83059	1242
1.83094	1248
1.83095	1247
1.83114	1251
1.83114	1249
1.83114	1248
1.83121	1248
1.83122	1247
1.83122	1245
1.83189	1248
1.8319	1250
1.83248	1248
1.83315	1251
1.83315	1252
1.83316	1253
1.83407	1238
1.8344	1252
1.8344	1252
1.83441	1252
1.83444	1244
1.83445	1245
1.83571	1248
1.83571	1250
1.83753	1249
1.8381	1247
1.83858	1243
1.83879	1251
1.8388	1252
1.83934	1247
1.83935	1247
1.83944	1250
1.83968	1246
1.83968	1246
1.83983	1243
1.83983	1244
1.84001	1246
1.84004	1252
1.84005	1252
1.84005	1252
1.84061	1249
1.84069	1251
1.84127	1248
1.84171	1252
1.84291	1245
1.84291	1239
1.84416	1241
1.84417	1243
1.84417	1245
1.84429	1245
1.84498	1252
1.84508	1253
1.84541	1245
1.84542	1246
1.84542	1247
1.84555	1246
1.84555	1247
1.84615	1248
1.84621	1250
1.84622	1250
1.84632	1243
1.84634	1253
1.84634	1253
1.84746	1250
1.84747	1251
1.84749	1253
1.84927	1245
1.84939	1247
1.85004	1236
1.85065	1248
1.85065	1249
1.85122	1249
1.85123	1253
1.85129	1238
1.8513	1241
1.85189	1248
1.85189	1247
1.85245	1252
1.85245	1248
1.85246	1247
1.85246	1247
1.85247	1251
1.85254	1242
1.85255	1243
1.85255	1244
1.85314	1247
1.85314	1248
1.85315	1249
1.85371	1252
1.85372	1249
1.85373	1254
1.8538	1246
1.85381	1248
1.85381	1250
1.85382	1253
1.85435	1249
1.85438	1248
1.85439	1248
1.8544	1248
1.85504	1247
1.85504	1246
1.85504	1244
1.85505	1243
1.85505	1251
1.85506	1250
1.85559	1248
1.8556	1248
1.85563	1248
1.85563	1248
1.85564	1249
1.85565	1249
1.8563	1245
1.8563	1247
1.85631	1249
1.85632	1252
1.85677	1248
1.85717	1257
1.85803	1249
1.85804	1251
1.85917	1244
1.8593	1253
1.85981	1246
1.85994	1251
1.86041	1245
1.86042	1245
1.86105	1246
1.86105	1245
1.86115	1248
1.86118	1251
1.86119	1251
1.86135	1250
1.86231	1247
1.86231	1248
1.86231	1250
1.86241	1250
1.86356	1250
1.86356	1250
1.86357	1250
1.86433	1245
1.86434	1242
1.86441	1248
1.86441	1247
1.86467	1256
1.86481	1251
1.86482	1251
1.86482	1252
1.86483	1252
1.86506	1249
1.86507	1247
1.86529	1236
1.86552	1251
1.86557	1242
1.86558	1242
1.86558	1243
1.86565	1246
1.86565	1246
1.86566	1246
1.86566	1247
1.86571	1251
1.8662	1251
1.86627	1258
1.86632	1249
1.86633	1250
1.86633	1252
1.86671	1249
1.86678	1252
1.86678	1254
1.86683	1244
1.86684	1246
1.86684	1247
1.8669	1248
1.8669	1249
1.86691	1250
1.86692	1251
1.86697	1253
1.86697	1254
1.86744	1250
1.86744	1249
1.86749	1255
1.8675	1252
1.86755	1249
1.86756	1246
1.86756	1244
1.86791	1244
1.86792	1240
1.868	1249
1.86801	1246
1.86801	1243
1.86806	1245
1.86806	1243
1.86807	1241
1.86807	1240
1.8682	1252
1.8682	1250
1.86821	1248
1.86869	1249
1.8687	1250
1.8687	1251
1.86873	1250
1.86874	1249
1.86875	1249
1.86879	1243
1.8688	1243
1.8688	1244
1.86881	1244
1.86946	1250
1.86947	1252
1.86993	1252
1.86995	1252
1.86996	1253
1.86996	1254
1.87	1251
1.87001	1252
1.87006	1247
1.87006	1249
1.87095	1247
1.87675	1244
1.87676	1245
1.87683	1242
1.87683	1244
1.87845	1257
1.87847	1249
1.87878	1253
1.87941	1250
1.87942	1250
1.87971	1257
1.87971	1257
1.87973	1250
1.87973	1251
1.88097	1257
1.88097	1258
1.88097	1259
1.88166	1240
1.88221	1257
1.88222	1256
1.88223	1256
1.88292	1243
1.88292	1245
1.88385	1251
1.88417	1247
1.88418	1248
1.88418	1249
1.8851	1251
1.88511	1251
1.88636	1252
1.88637	1254
1.88642	1246
1.88743	1250
1.88753	1251
1.88753	1250
1.88767	1246
1.88767	1247
1.89098	1253
1.89138	1251
1.89141	1255
1.89224	1254
1.89418	1245
1.89819	1251
1.89819	1252
1.89851	1253
1.89851	1254
1.89917	1249
1.89943	1250
1.89943	1250
1.89944	1249
1.89977	1255
1.89978	1256
1.89978	1257
1.90043	1250
1.90043	1251
1.90068	1249
1.90069	1249
1.90069	1250
1.901	1252
1.901	1250
1.90101	1255
1.90102	1254
1.90102	1253
1.90141	1246
1.90165	1247
1.90165	1244
1.90165	1242
1.90167	1243
1.90174	1243
1.90191	1248
1.90193	1247
1.90193	1246
1.90193	1246
1.90225	1250
1.90225	1250
1.90225	1250
1.90227	1253
1.90228	1253
1.90228	1254
1.90228	1254
1.90234	1253
1.90254	1252
1.9029	1243
1.90292	1244
1.90299	1244
1.9035	1250
1.90351	1251
1.90351	1251
1.90352	1255
1.90353	1255
1.90354	1256
1.90354	1257
1.90355	1258
1.9036	1254
1.90361	1255
1.90379	1252
1.90379	1252
1.90474	1250
1.90475	1249
1.90475	1248
1.90476	1247
1.90477	1256
1.90478	1255
1.90479	1254
1.90479	1253
1.90479	1253
1.9048	1252
1.90485	1254
1.90485	1254
1.90486	1254
1.90505	1253
1.90505	1255
1.90506	1256
1.90513	1254
1.90514	1255
1.90599	1248
1.906	1249
1.90601	1251
1.90602	1252
1.90611	1254
1.90612	1255
1.90612	1256
1.9064	1257
1.90737	1256
1.90737	1256
1.90737	1256
1.90738	1256
1.9082	1251
1.9082	1250
1.9089	1253
1.90923	1247
1.90923	1249
1.90934	1247
1.90941	1248
1.90946	1251
1.90946	1253
1.90947	1254
1.91013	1250
1.91013	1248
1.9104	1242
1.91047	1247
1.91047	1246
1.91047	1245
1.91058	1245
1.91058	1244
1.91065	1247
1.91065	1246
1.91065	1246
1.91065	1246
1.9107	1253
1.91071	1252
1.91071	1252
1.91118	1252
1.91138	1249
1.91139	1249
1.91173	1247
1.91191	1248
1.91191	1250
1.91191	1251
1.91192	1253
1.91243	1252
1.91243	1252
1.91313	1248
1.91313	1245
1.91313	1242
1.91314	1239
1.91314	1238
1.91314	1236
1.91368	1252
1.91368	1252
1.91369	1252
1.9138	1255
1.91381	1255
1.91432	1245
1.91438	1239
1.91439	1241
1.91507	1256
1.91507	1256
1.91508	1258
1.91541	1244
1.91555	1244
1.91556	1243
1.91627	1251
1.91628	1246
1.91629	1242
1.9166	1237
1.9166	1231
1.91675	1237
1.91676	1232
1.91676	1228
1.91749	1238
1.9175	1235
1.9175	1233
1.91751	1231
1.91783	1242
1.91784	1233
1.91785	1235
1.91785	1237
1.91789	1248
1.91801	1232
1.91802	1236
1.91803	1240
1.91875	1235
1.91876	1239
1.91886	1250
1.91927	1242
1.91944	1252
1.9199	1251
1.91991	1248
1.92008	1247
1.92009	1245
1.92014	1254
1.92065	1246
1.92065	1242
1.92065	1238
1.92106	1254
1.92106	1252
1.92114	1247
1.92115	1246
1.92115	1245
1.92117	1249
1.92117	1249
1.92125	1254
1.92134	1246
1.92134	1247
1.92135	1248
1.9214	1255
1.92141	1256
1.92191	1241
1.92191	1243
1.92192	1246
1.9222	1251
1.9222	1251
1.92225	1252
1.92232	1252
1.92232	1252
1.92232	1253
1.9224	1247
1.92241	1249
1.92241	1251
1.92242	1253
1.9226	1249
1.9226	1250
1.92305	1241
1.92306	1241
1.92306	1241
1.92315	1245
1.92315	1244
1.92316	1244
1.92316	1244
1.92348	1249
1.92348	1247
1.92348	1245
1.92348	1244
1.92349	1242
1.92356	1252
1.92356	1251
1.92357	1250
1.92365	1250
1.92366	1250
1.92366	1250
1.92366	1250
1.92396	1238
1.92431	1242
1.92431	1244
1.92432	1246
1.92432	1248
1.92433	1250
1.92441	1246
1.92441	1248
1.92491	1252
1.92517	1248
1.92556	1250
1.92557	1250
1.92557	1251
1.92558	1252
1.92558	1252
1.92559	1253
1.92641	1247
1.92641	1246
1.92679	1250
1.9268	1248
1.9268	1247
1.92681	1245
1.92681	1244
1.92682	1243
1.92682	1242
1.92766	1247
1.92767	1248
1.92767	1250
1.92893	1251
1.92999	1238
1.93016	1254
1.93017	1253
1.93057	1246
1.93125	1240
1.93125	1243
1.93192	1249
1.93231	1250
1.9325	1244
1.93251	1246
1.93287	1237
1.93291	1246
1.93315	1247
1.93315	1246
1.93345	1251
1.93347	1244
1.93347	1245
1.93347	1246
1.93348	1248
1.93348	1249
1.93349	1251
1.93356	1251
1.93357	1252
1.93357	1253
1.93412	1239
1.93413	1241
1.93416	1247
1.93416	1249
1.93473	1252
1.93473	1252
1.93483	1254
1.93483	1255
1.93484	1256
1.93537	1242
1.93537	1243
1.93538	1244
1.93541	1249
1.93541	1250
1.93542	1250
1.93607	1255
1.93608	1254
1.93609	1254
1.93609	1254
1.93629	1255
1.93734	1255
1.93735	1256
1.93755	1256
1.93755	1257
1.93761	1252
1.93799	1244
1.93799	1246
1.9388	1256
1.9388	1256
1.93881	1256
1.93887	1254
1.93888	1255
1.93925	1247
1.93975	1254
1.94006	1256
1.94006	1256
1.94007	1257
1.94065	1245
1.94096	1251
1.94099	1253
1.94099	1253
1.941	1253
1.941	1254
1.94101	1254
1.94131	1256
1.94132	1257
1.94132	1257
1.94133	1257
1.94225	1255
1.94413	1242
1.94413	1241
1.94603	1256
1.94766	1253
1.94773	1240
1.94784	1245
1.94892	1255
1.94892	1256
1.94894	1255
1.95008	1257
1.95009	1257
1.95018	1257
1.9529	1243
1.9529	1244
1.95416	1247
1.95597	1252
1.95722	1253
1.95723	1254
1.95847	1252
1.95847	1251
1.95847	1250
1.95915	1252
1.95979	1257
1.9604	1252
1.9604	1253
1.96103	1254
1.96103	1252
1.96166	1254
1.96242	1252
1.96248	1246
1.96262	1255
1.96269	1255
1.96359	1254
1.96365	1250
1.96366	1248
1.96373	1246
1.96373	1245
1.96386	1253
1.96387	1253
1.96394	1254
1.96395	1254
1.9644	1248
1.96484	1254
1.96511	1252
1.96512	1252
1.96512	1251
1.9652	1254
1.9652	1255
1.96521	1255
1.96522	1253
1.96565	1248
1.96565	1249
1.96634	1249
1.96635	1247
1.96636	1246
1.96644	1253
1.96645	1252
1.96645	1250
1.96646	1251
1.96646	1251
1.96689	1249
1.9669	1249
1.96691	1250
1.96855	1253
1.96883	1256
1.96977	1249
1.96977	1246
1.97007	1254
1.97007	1254
1.97008	1253
1.97133	1254
1.97134	1255
1.97247	1244
1.97247	1244
1.97274	1240
1.97299	1247
1.97307	1242
1.97353	1248
1.97367	1252
1.97433	1245
1.97434	1247
1.97479	1249
1.97479	1251
1.97492	1252
1.97492	1252
1.97554	1242
1.97554	1237
1.97555	1234
1.97562	1244
1.97562	1240
1.97602	1249
1.97603	1248
1.97604	1248
1.97618	1252
1.97618	1253
1.98492	1245
1.98674	1249
1.98797	1247
1.98797	1245
1.98866	1249
1.98885	1256
1.98923	1247
1.98926	1234
1.98926	1235
1.98969	1251
1.98977	1249
1.98978	1255
1.98992	1250
1.98993	1251
1.98993	1254
1.99051	1236
1.99051	1238
1.99052	1240
1.99058	1241
1.99093	1251
1.99094	1251
1.99102	1250
1.99102	1250
1.99104	1255
1.99104	1255
1.99118	1252
1.99118	1253
1.99119	1254
1.99119	1255
1.9912	1256
1.99184	1243
1.99184	1245
1.99219	1252
1.9922	1253
1.9922	1254
1.99254	1248
1.99288	1249
1.99309	1246
1.9931	1247
1.99344	1252
1.99344	1252
1.99345	1251
1.99367	1244
1.99378	1247
1.99378	1246
1.99411	1247
1.99411	1245
1.99431	1243
1.99431	1240
1.99432	1238
1.99467	1248
1.99491	1244
1.99492	1244
1.99503	1247
1.99503	1247
1.99503	1248
1.99537	1247
1.99538	1249
1.99617	1246
1.99618	1248
1.99618	1250
1.99629	1250
1.99629	1251
1.9963	1253
1.99637	1257
1.99739	1246
1.9974	1243
1.9974	1240
1.99752	1250
1.99752	1247
1.99752	1244
1.99753	1243
1.9976	1254
1.9976	1252
1.99807	1239
1.99932	1242
1.99932	1244
1.99991	1253
1.99992	1250
